      328.8255615234
      320.8000183105
      321.5791931152
      341.4083862305
      349.6218872070
      422.9065856934
      378.0831909180
      340.1574096680
      319.5077819824
      310.4163818359
      311.7151489258
      334.7153625488
      344.2423706055
      439.5441284180
      383.1092529297
      335.0726928711
      332.3038940430
      323.6192016602
      325.0215148926
      347.9477844238
      357.4441223145
      423.1125183105
      376.7083740234
      340.5590820312
      330.8839111328
      323.6218872070
      326.2384643555
      350.4785156250
      360.5190734863
      424.7309265137
      377.0883789062
      340.9953308105
      332.5505676270
      325.5362854004
      323.9138793945
      335.3749694824
      340.1223144531
      408.7250671387
      375.9532165527
      343.8339233398
      334.6125183105
      327.2872619629
      324.9298400879
      329.0288391113
      331.3299255371
      390.3835449219
      369.5063781738
      342.3161621094
      335.8926086426
      329.7581787109
      327.2723083496
      329.0363769531
      330.3670959473
      387.8627929688
      370.2979125977
      344.8627319336
      341.6492309570
      336.0738830566
      339.0773925781
      362.2529907227
      371.8526306152
      455.6861572266
      402.9014892578
      359.8244323730
      351.6480712891
      343.1531372070
      344.6768798828
      368.6743774414
      378.6144714355
      480.8952636719
      420.8705139160
      370.2593994141
      365.2823181152
      355.7361450195
      354.7625732422
      373.3109130859
      380.9938659668
      472.2418212891
      423.1566772461
      379.2694091797
      359.7933959961
      349.4307861328
      349.4942932129
      372.7059936523
      382.3206176758
      480.7326049805
      422.9404602051
      374.4045410156
      371.1070556641
      362.0479125977
      361.0352172852
      378.9351196289
      386.3495178223
      464.1351623535
      420.1103210449
      382.0464172363
      362.1779174805
      352.8037109375
      350.5321960449
      365.0743713379
      371.0979309082
      429.1373901367
      395.4135131836
      366.7079162598
      355.3345947266
      348.5668945312
      349.2682189941
      368.4428710938
      376.3852844238
      431.0795898438
      392.5454711914
      363.2291870117
      361.7344055176
      356.3735961914
      359.0508117676
      382.1103210449
      391.6618652344
      465.0550537109
      415.5411682129
      377.3526611328
      372.1809082031
      364.8392333984
      364.8454284668
      383.3609313965
      391.0303039551
      448.9687500000
      410.2018432617
      380.0808105469
      366.7590637207
      359.7081298828
      362.4831848145
      389.5060424805
      400.6993103027
      454.1582031250
      406.1336364746
      374.2550964355
      351.5013122559
      343.5802307129
      345.5502929688
      371.6660156250
      382.4834899902
      445.3785400391
      395.0443420410
      360.0315246582
      348.4830932617
      341.2187194824
      343.4353027344
      369.2908020020
      380.0005187988
      458.4234619141
      402.9730834961
      362.2368774414
      352.9826660156
      344.8285522461
      346.3154296875
      371.8004760742
      382.3567199707
      431.4431152344
      386.4205017090
      357.2052001953
      335.5978088379
      328.2250366211
      330.0245056152
      355.0426940918
      365.4055786133
      433.4900817871
      382.2886657715
      346.1391906738
      337.5183410645
      330.2768249512
      327.7964172363
      338.1093750000
      342.3811340332
      388.2631530762
      362.8006286621
      341.2073669434
      335.2441711426
      330.2663879395
      328.5853576660
      332.4476928711
      334.4640197754
      380.2801513672
      362.5654296875
      342.1595458984
      337.7604980469
      333.0850219727
      330.2620239258
      330.5720825195
      330.7005310059
      365.4098205566
      355.3163146973
      341.3299865723
      340.5840454102
      337.4190979004
      337.5139770508
      348.3541564941
      352.8443298340
      374.4297485352
      355.7158203125
      343.5331726074
      334.2158813477
      330.8174438477
      332.6487426758
      350.3011169434
      357.6129760742
      377.4704284668
      351.1929931641
      336.8857421875
      322.0730590820
      317.9725952148
      320.0336914062
      340.1797485352
      348.5245361328
      402.2822875977
      361.5261535645
      333.4633789062
      322.0718383789
      315.7225646973
      317.5932922363
      342.4806213379
      352.7892761230
      417.7848510742
      366.9110412598
      333.0357666016
      327.1136779785
      320.5041503906
      322.2183227539
      347.4917602539
      357.9603881836
      433.9746398926
      378.5793151855
      340.6250915527
      331.3565063477
      323.5380859375
      324.4638671875
      349.9852294922
      360.5565185547
      460.5045166016
      395.8943786621
      349.1747741699
      355.1864929199
      347.3026123047
      345.5749511719
      361.3973999023
      367.9512634277
      453.0589294434
      406.8599853516
      368.9811706543
      368.5108032227
      361.0204467773
      361.8743896484
      387.3275451660
      397.8705749512
      468.1560363770
      414.7626647949
      379.2743225098
      361.9320068359
      353.5502319336
      353.8127136230
      379.4680175781
      390.0948181152
      471.8825378418
      413.8229064941
      374.2322082520
      366.0931091309
      357.9163208008
      357.6284179688
      380.8713989258
      390.4989624023
      455.2150878906
      406.3400573730
      373.9847106934
      368.9474487305
      362.4385070801
      362.8679809570
      384.9568786621
      394.1064147949
      449.5634765625
      405.3684692383
      376.9422302246
      349.0848999023
      340.7098388672
      339.0234069824
      357.3711242676
      364.9709777832
      402.6828308105
      369.0671997070
      348.5900878906
      339.7569274902
      335.0144653320
      336.9337768555
      360.9367370605
      370.8790893555
      423.9917907715
      377.7788391113
      349.9037780762
      336.0791625977
      329.4976806641
      330.1225891113
      354.0820007324
      364.0063171387
      460.3669738770
      397.9144897461
      354.6511840820
      351.8460083008
      343.3061523438
      343.0837097168
      369.5380554199
      380.4957885742
      486.5408020020
      417.0919799805
      369.8137512207
      355.8291320801
      345.3538208008
      343.7462768555
      370.1716308594
      381.1173706055
      523.7502441406
      427.0473022461
      374.4990844727
      357.2924804688
      345.4003601074
      338.8251953125
      345.4593200684
      348.2697143555
      370.3296203613
      355.7533569336
      345.1258544922
      331.0861816406
      327.2731323242
      329.1072692871
      351.4771728516
      360.7430725098
      399.5571594238
      360.0588989258
      338.5308837891
      337.5040893555
      333.5669860840
      336.0951232910
      362.7539672852
      373.7964477539
      411.5662841797
      367.1121215820
      344.7519531250
      325.7272949219
      319.7060546875
      320.0400695801
      343.1680908203
      352.7480163574
      429.9594726562
      374.7583312988
      339.7998046875
      341.2391662598
      334.6752014160
      331.6172485352
      339.6573486328
      342.9481811523
      409.9590759277
      378.0957946777
      351.0700988770
      353.6383666992
      348.1437988281
      347.2658386230
      362.5906982422
      368.9384460449
      418.5665283203
      383.6610107422
      360.7733154297
      348.1054077148
      342.1214599609
      340.4582214355
      353.4772949219
      358.8699645996
      411.6167602539
      378.3302917480
      355.0868225098
      350.3130187988
      345.0391235352
      345.2974243164
      366.7364501953
      375.6167907715
      441.0075073242
      392.2768249512
      362.4577941895
      357.4513549805
      351.0530090332
      349.9646911621
      368.4169921875
      376.0601806641
      427.1098327637
      387.4813537598
      363.5507202148
      351.0306396484
      344.9236450195
      342.1130371094
      352.1247558594
      356.0909423828
      386.0745544434
      364.3964843750
      350.8397216797
      335.2752990723
      330.6459350586
      330.2207946777
      345.7004089355
      352.1122741699
      388.0394897461
      357.3891906738
      339.7698059082
      334.1478271484
      330.0806884766
      330.7768554688
      351.2363281250
      359.7109069824
      417.8156738281
      372.4790649414
      346.0902404785
      334.5270690918
      328.0247192383
      327.6612548828
      353.2961730957
      363.9145202637
      478.7390747070
      403.5612487793
      357.1728820801
      354.7119750977
      345.0289001465
      342.4746704102
      369.1839599609
      380.2473144531
      430.9691772461
      380.4649658203
      355.3614807129
      340.7866821289
      334.3980102539
      332.8407897949
      350.2912902832
      357.5195007324
      430.5618286133
      382.9230346680
      352.5519714355
      356.8739624023
      351.0494689941
      350.3214111328
      371.0577392578
      379.6470031738
      407.7246093750
      373.3088989258
      357.4091186523
      349.6468505859
      345.8338012695
      343.4536437988
      348.1210021973
      349.6576232910
      383.6044006348
      366.6252136230
      353.8507690430
      348.9826049805
      345.4522094727
      346.7422790527
      371.2615356445
      381.4177551270
      458.1485900879
      399.5305480957
      366.9676818848
      361.8252563477
      354.6096496582
      353.4285888672
      380.7588195801
      392.0793762207
      479.5814208984
      412.7644958496
      376.3359069824
      371.1352539062
      363.0942687988
      361.2557983398
      388.8427124023
      400.2695617676
      490.7473754883
      422.2978820801
      385.0203857422
      378.9226379395
      370.5585937500
      368.5104064941
      397.1478881836
      409.0099182129
      528.1004028320
      432.0382080078
      393.3960876465
      360.2353820801
      348.8386535645
      344.1057128906
      370.2653503418
      381.1010437012
      417.0832824707
      372.4098510742
      353.4751281738
      340.7239990234
      335.6815185547
      333.4332580566
      352.7677001953
      360.1971435547
      393.8399963379
      358.6424560547
      343.7146606445
      341.2332458496
      337.7038269043
      338.6246337891
      364.0621337891
      374.5986938477
      422.6449890137
      373.7235412598
      351.3976745605
      337.2207641602
      331.1801757812
      327.9310913086
      347.4581604004
      354.9105834961
      408.7901611328
      365.0406494141
      343.9943847656
      326.4794311523
      319.8117065430
      316.4474792480
      342.6454467773
      352.8508300781
      419.2606506348
      361.4363708496
      335.7463989258
      333.6847534180
      327.6657714844
      324.4786987305
      348.4967041016
      357.7491149902
      424.2213134766
      369.2037353516
      344.0344848633
      334.9884948730
      328.2492675781
      324.5183410645
      351.2528381348
      361.5964965820
      444.3162841797
      378.6108093262
      348.3791809082
      340.6967773438
      332.9099426270
      328.2019958496
      355.1361694336
      365.5196533203
      459.2920227051
      388.3909301758
      355.0627746582
      344.1838073730
      335.2929077148
      329.5357055664
      356.2228393555
      366.4658813477
      465.5063171387
      392.4662780762
      357.8912048340
      368.1250915527
      361.0034179688
      356.0570678711
      374.3719177246
      381.0436401367
      445.1744384766
      398.3960266113
      375.5826721191
      363.6598205566
      356.8569946289
      352.3159179688
      377.4849243164
      386.9673461914
      419.1272888184
      376.9101257324
      363.2938842773
      343.9560546875
      338.6076660156
      334.8323364258
      352.9716796875
      359.5527954102
      388.4083251953
      356.0673522949
      344.6019897461
      326.5984802246
      321.8204040527
      318.2183532715
      330.2182922363
      334.2678527832
      377.2858886719
      346.6375732422
      331.7239685059
      333.7413940430
      330.2115478516
      327.6441955566
      343.9914550781
      349.7783813477
      396.4483947754
      358.8187255859
      342.4641723633
      345.1784667969
      341.3525390625
      338.4758911133
      356.4839782715
      362.8888549805
      415.5789184570
      373.3240356445
      355.1548461914
      352.3492431641
      347.4315185547
      343.3792114258
      344.1087036133
      344.4108581543
      368.4019775391
      358.5706481934
      350.8627929688
      324.1704101562
      319.2212829590
      315.1575927734
      323.9001770020
      326.4694519043
      369.0381774902
      342.3599548340
      328.4654541016
      333.1668395996
      330.0571899414
      327.4619140625
      337.8647155762
      341.0437622070
      358.3574829102
      339.8518371582
      333.6038513184
      333.3714904785
      331.6865539551
      330.2706909180
      350.3622436523
      357.5433959961
      371.7422790527
      342.4270019531
      336.5019836426
      332.7459716797
      330.6408386230
      328.8729553223
      353.4228515625
      362.4820556641
      422.4794616699
      366.3444824219
      348.1224975586
      339.6492614746
      333.5275878906
      328.4270324707
      343.5369873047
      348.6603698730
      376.5714111328
      346.8130493164
      338.0419311523
      318.6659851074
      313.9657592773
      310.0393371582
      329.4517822266
      336.4619445801
      363.7306213379
      328.6184692383
      319.8375549316
      323.2543640137
      320.9651184082
      319.0419006348
      346.6266479492
      357.0711364746
      386.0054321289
      339.7532958984
      330.0594482422
      319.9400634766
      315.8648376465
      312.4537353516
      334.6782836914
      342.8993835449
      398.6437377930
      345.9318542480
      330.2565917969
      333.3089294434
      328.7653198242
      324.9634399414
      334.7308349609
      337.5540161133
      377.2118530273
      348.0778503418
      337.3799438477
      333.4455871582
      329.6366271973
      326.4435424805
      336.0805053711
      338.8155517578
      383.0551452637
      351.8286132812
      340.1540527344
      327.6066284180
      322.5552368164
      318.3312683105
      333.1945495605
      338.2463989258
      376.7918395996
      341.3303527832
      330.8015747070
      320.7865600586
      316.3175964355
      312.5757141113
      327.2561950684
      332.2453308105
      362.4933776855
      331.0933227539
      322.6752929688
      316.9401245117
      313.5584716797
      310.7196960449
      328.3834228516
      334.6752014160
      386.9467773438
      340.8795471191
      327.2122192383
      320.9207458496
      315.7721252441
      311.4650878906
      337.6164855957
      347.7087707520
      404.5220336914
      344.7160949707
      329.6685791016
      320.5910644531
      314.6802978516
      309.7427062988
      335.8719177246
      346.0099792480
      389.4674987793
      336.2885742188
      324.3399963379
      315.8911132812
      311.0009155273
      306.9061584473
      332.7194519043
      342.7383117676
      417.9791870117
      348.5881958008
      329.8371582031
      333.6882934570
      327.7630920410
      322.8082885742
      336.2772216797
      340.6899108887
      362.0540771484
      335.9623718262
      330.0682067871
      302.6708679199
      297.7665710449
      293.6598205566
      314.3321838379
      322.1524658203
      363.9336853027
      318.2219848633
      307.3223571777
      306.5167846680
      302.6685485840
      299.4369201660
      319.9936523438
      327.7130737305
      371.6119079590
      324.9967346191
      313.7307128906
      305.8379516602
      301.1137695312
      297.1535644531
      321.9590454102
      331.6875610352
      385.0800476074
      327.6813659668
      314.2296447754
      312.5275573730
      307.6558837891
      303.5712890625
      328.7999267578
      338.7171020508
      400.2142028809
      337.9072570801
      322.8189697266
      322.0080566406
      316.6271972656
      312.1180725098
      323.2896728516
      326.6599121094
      368.0254211426
      334.6213378906
      324.7758483887
      330.0814208984
      327.1243286133
      324.6320800781
      346.8777160645
      355.2451171875
      399.4104614258
      350.3586425781
      339.2342224121
      336.1863403320
      331.8853149414
      328.2691650391
      346.5440673828
      353.0842285156
      383.0846557617
      346.2577209473
      338.4653930664
      328.5315246582
      324.6729736328
      321.4255981445
      347.1550903320
      357.2598266602
      414.5946655273
      353.6471252441
      339.7500915527
      334.4776000977
      328.9280700684
      324.2722778320
      350.2091979980
      360.4921569824
      438.5324707031
      365.9110107422
      347.8934631348
      346.5838317871
      339.9344787598
      334.3647766113
      344.9497680664
      347.8777160645
      383.7816467285
      353.4878540039
      345.1917419434
      319.9576721191
      314.3548278809
      309.6549072266
      335.2287902832
      345.5082702637
      394.6253356934
      337.5357971191
      325.5592651367
      314.6512451172
      309.1571655273
      304.5471801758
      327.9151000977
      337.1894531250
      394.6707458496
      335.9052734375
      322.4740905762
      307.6975402832
      301.3048706055
      295.9521484375
      319.6976013184
      329.2959899902
      379.3068542480
      323.6808471680
      311.7921142578
      306.5963439941
      301.6512756348
      297.4959411621
      321.1810607910
      330.6905517578
      386.2190246582
      327.8281555176
      314.9296264648
      306.6462402344
      301.0155029297
      296.2903137207
      319.7874450684
      329.2795104980
      396.4895019531
      331.7801818848
      316.6848449707
      324.4334411621
      319.5191650391
      315.3847351074
      329.6264038086
      334.3424377441
      381.5732727051
      340.3474426270
      329.7980041504
      330.4787902832
      326.5372314453
      323.2128295898
      344.0628967285
      351.9546203613
      380.7661437988
      340.5660705566
      333.2635498047
      328.7639770508
      325.4993591309
      322.7413635254
      342.3052368164
      349.5231323242
      380.7537536621
      341.0300292969
      333.3928222656
      312.4733276367
      307.4470214844
      303.2181091309
      326.5625610352
      335.9914855957
      392.5244750977
      333.6343688965
      320.8713989258
      312.5722045898
      306.8754577637
      302.0885925293
      323.8980712891
      332.6260070801
      390.2376098633
      332.6355590820
      319.8123779297
      309.1396789551
      303.1784362793
      298.1718750000
      316.4248962402
      323.4076538086
      381.8110351562
      328.4625549316
      315.7583618164
      298.4238891602
      291.8775329590
      286.3887329102
      308.6908264160
      317.9283752441
      391.6029663086
      323.8611145020
      308.1356201172
      303.6886596680
      297.1918334961
      291.7411804199
      313.5660705566
      322.5302734375
      403.5264892578
      332.3960266113
      315.3802490234
      326.5675659180
      321.0014953613
      316.3161926270
      338.7337036133
      347.7213134766
      410.3863525391
      349.0834045410
      335.4772949219
      325.3124389648
      319.0166625977
      313.7246398926
      334.7370605469
      343.0920410156
      394.8089294434
      341.1297607422
      329.7148742676
      316.8688354492
      311.1329345703
      306.3061828613
      324.6076965332
      331.5827941895
      354.9324340820
      320.0238037109
      314.2168579102
      297.8331298828
      293.8760681152
      290.5340881348
      311.9537658691
      320.6162414551
      365.2633972168
      314.8881835938
      304.8921508789
      291.4421691895
      286.1759643555
      281.7424011230
      302.9337463379
      311.6994323730
      374.4064941406
      313.9318542480
      300.6623840332
      293.5244750977
      287.5847473145
      282.5907897949
      303.6102294922
      312.3570861816
      379.4009094238
      316.5449523926
      302.5346374512
      298.4685363770
      292.5042114258
      287.4876098633
      307.9529724121
      316.3739624023
      375.8758239746
      317.9862060547
      305.4204711914
      307.3297424316
      302.4627075195
      298.3560791016
      313.8003845215
      319.2919006348
      355.1678771973
      317.3300170898
      309.5192260742
      315.5921630859
      313.0235595703
      310.8439941406
      331.0292358398
      338.7571411133
      355.5792236328
      322.1151733398
      317.5316467285
      301.9006042480
      298.4581909180
      295.5433044434
      317.8293151855
      326.9856567383
      364.3260192871
      316.6098327637
      308.0855102539
      287.2013549805
      281.7459411621
      277.1504211426
      297.4106140137
      305.8824768066
      372.4465332031
      310.5663452148
      296.9307250977
      288.4385986328
      282.1364746094
      276.8374938965
      297.0802612305
      305.6533508301
      389.0227966309
      317.4078369141
      300.8186035156
      292.6767883301
      285.2427673340
      279.0067443848
      298.7172851562
      307.1052856445
      392.1687316895
      320.0450134277
      303.2148132324
      304.1163330078
      297.3502197266
      291.6605834961
      311.6749267578
      320.0344848633
      404.4942016602
      332.6631164551
      315.9445495605
      327.6433715820
      321.8668823242
      316.9924926758
      330.4001770020
      334.6234130859
      410.0761108398
      353.4033203125
      338.6748962402
      313.1210327148
      304.8148498535
      297.8490295410
      318.6514282227
      327.5901794434
      354.5540771484
      313.0395202637
      306.5555725098
      292.5915832520
      288.5339355469
      285.0995788574
      305.7224121094
      314.2816162109
      364.5645446777
      311.4029235840
      300.8549499512
      300.1685791016
      295.7175903320
      291.9522399902
      309.8089599609
      316.7529602051
      352.5925292969
      311.1370849609
      303.3851928711
      297.5521240234
      293.7435302734
      290.5164184570
      308.7981872559
      315.9427795410
      362.0863647461
      314.5500183105
      304.9528198242
      306.3881530762
      302.5038452148
      299.2117309570
      314.7454833984
      320.1973876953
      363.6897583008
      321.4837951660
      312.5907897949
      292.8410034180
      287.2708740234
      282.5704650879
      301.9483947754
      310.0729370117
      364.1821899414
      310.0059509277
      298.9511413574
      294.9876403809
      289.9822387695
      285.7515258789
      305.3779296875
      313.5545043945
      367.4618530273
      313.2201538086
      302.2136840820
      293.8155212402
      288.4159240723
      283.8558654785
      303.3238525391
      311.4996948242
      363.6841735840
      310.4344787598
      299.7587585449
      301.7574462891
      297.4359130859
      293.7752380371
      308.9378356934
      314.3074951172
      356.3444519043
      315.1381225586
      306.6070861816
      303.4878845215
      299.5679321289
      296.2436218262
      315.4898376465
      323.2031250000
      358.9135131836
      315.6000976562
      307.8911132812
      288.2467346191
      283.1314697266
      278.8077087402
      297.9329223633
      305.9931945801
      366.7638549805
      309.0838928223
      297.0123596191
      293.6281738281
      288.2070007324
      283.6263732910
      299.6759033203
      305.8771057129
      370.9255371094
      315.2392883301
      302.6347045898
      287.2920837402
      280.5972290039
      274.9591674805
      293.3194580078
      301.2170715332
      371.3246154785
      308.8429260254
      295.2397766113
      301.5263061523
      296.3132934570
      291.9037170410
      308.1016845703
      314.2573242188
      355.4982299805
      312.8600769043
      304.4553527832
      300.9792175293
      297.0436096191
      293.7041931152
      313.3721008301
      321.4398498535
      345.1622009277
      307.6279602051
      302.0381164551
      292.2944030762
      288.9409790039
      286.0919799805
      303.7655944824
      310.6634216309
      342.7181701660
      303.4807128906
      296.6187438965
      279.1064453125
      274.5101013184
      270.6184387207
      287.0957641602
      293.6815490723
      342.6112670898
      295.1461181641
      285.4243774414
      298.4082336426
      295.4445190430
      292.9232482910
      311.0576477051
      318.0913391113
      351.7150573730
      311.1644592285
      304.0248413086
      286.5533752441
      281.8356323242
      277.8403015137
      296.3613586426
      304.1293945312
      348.0102539062
      300.4680175781
      291.4902343750
      278.7907104492
      273.7550964355
      269.4949951172
      287.6746520996
      295.4203491211
      353.3764343262
      298.1932373047
      286.8388061523
      274.0016479492
      267.9830932617
      262.9050903320
      280.5203247070
      288.1749572754
      358.5863952637
      296.6904602051
      283.2639770508
      273.1450195312
      266.5114135742
      260.9233093262
      278.3824157715
      286.0737304688
      365.0829772949
      298.2261047363
      283.3696289062
      279.5700378418
      272.8712158203
      267.2263793945
      284.7645874023
      292.4268188477
      342.8875122070
      292.1549377441
      282.1329956055
      280.9085693359
      276.4511413574
      272.6729125977
      291.2679138184
      299.1807250977
      347.0963439941
      297.1014404297
      287.4827880859
      282.0007019043
      277.3228454590
      273.3595275879
      290.9108886719
      298.2002258301
      352.4200439453
      300.3289184570
      289.7177429199
      281.5314636230
      276.1928100586
      271.6769104004
      288.4472045898
      295.3808898926
      348.5649108887
      297.9033813477
      287.5230102539
      281.4648742676
      276.4071044922
      272.1254882812
      290.1963500977
      297.9074096680
      349.3645935059
      297.8796386719
      287.7123413086
      271.0292358398
      265.1325378418
      260.1538696289
      277.3368530273
      284.8210754395
      350.9764709473
      291.9544677734
      279.3650207520
      272.2694091797
      266.1977539062
      261.0730590820
      278.2189025879
      285.6993103027
      353.7238464355
      293.6385803223
      280.7422790527
      276.1907958984
      270.2020874023
      265.1449279785
      282.4723205566
      289.9948120117
      357.2827148438
      297.4548339844
      284.6758422852
      291.6565246582
      286.7173461914
      282.5320739746
      301.0944824219
      308.9539489746
      369.9906616211
      312.6150817871
      300.8188781738
      274.0766906738
      266.6606140137
      260.4216613770
      277.0743408203
      284.4808044434
      361.3383789062
      296.4118957520
      282.0697021484
      274.9058532715
      268.0839843750
      262.3354187012
      279.2295532227
      286.6712036133
      360.3182373047
      297.1140136719
      283.3065185547
      277.6470947266
      271.1676635742
      265.7016296387
      282.8226013184
      290.3035888672
      365.2581481934
      301.1667175293
      287.1321716309
      293.0281982422
      287.4353027344
      282.7026672363
      300.9883422852
      308.7903137207
      375.0491943359
      314.8700256348
      302.2218933105
      308.7481079102
      303.8059997559
      299.6148071289
      314.3440551758
      319.4827880859
      351.5180053711
      315.8448486328
      309.3496093750
      278.5541381836
      272.8885192871
      268.0984497070
      283.7238769531
      290.0872497559
      350.4317932129
      297.1355285645
      285.6770935059
      300.6912231445
      297.0432434082
      293.9408874512
      311.5477905273
      318.4172363281
      356.6673583984
      313.9307556152
      306.1351928711
      300.1969299316
      296.2096252441
      292.8214416504
      293.2750549316
      302.0361633301
      343.9016418457
      316.5238952637
      307.2865600586
      287.8855590820
      282.0926208496
      277.1940307617
      295.0469360352
      302.7056274414
      344.6205444336
      298.4893188477
      289.9914245605
      286.8082580566
      282.7771911621
      279.3537292480
      297.9484252930
      305.7617797852
      349.2148742676
      301.8309936523
      293.0485534668
      289.8740539551
      285.7206726074
      282.1940002441
      301.0202636719
      308.9525451660
      361.6700744629
      308.8034362793
      298.4329528809
      284.0270385742
      278.2069091797
      273.2867126465
      290.9368896484
      298.5333251953
      360.7874450684
      303.5052795410
      291.5820617676
      284.5814819336
      278.7586975098
      273.8362731934
      291.3934631348
      298.9191284180
      363.2664184570
      304.9557800293
      292.6835327148
      297.8208618164
      292.9149169922
      288.7558593750
      300.2685241699
      303.5283508301
      357.0360107422
      314.1247863770
      304.1585998535
      309.8879394531
      306.0411682129
      302.7707214355
      317.7772521973
      322.8629760742
      347.6992187500
      315.9342956543
      310.6918945312
      280.9394836426
      275.8646240234
      271.5674743652
      289.2970275879
      296.8416748047
      348.4707336426
      297.2942504883
      287.1585998535
      296.4571533203
      292.8713684082
      289.8223266602
      303.3154602051
      307.6128540039
      334.7346191406
      303.7842407227
      298.2611999512
      281.4781188965
      277.4629211426
      274.0541076660
      290.0629272461
      296.2939453125
      337.0399780273
      294.7971496582
      286.6607055664
      274.5441284180
      269.8689270020
      265.9077758789
      283.3877868652
      290.7897338867
      352.8229980469
      296.2275085449
      284.3433227539
      289.1625976562
      284.4130859375
      280.3875122070
      295.9626464844
      301.9221191406
      353.8938598633
      305.9474182129
      295.8985290527
      298.6700439453
      294.5300903320
      291.0149536133
      309.6051940918
      317.1980895996
      367.8339233398
      316.7068481445
      306.6663208008
      291.7328796387
      286.0099487305
      281.1709289551
      299.7635498047
      307.7576599121
      367.3258361816
      310.4843139648
      298.8915100098
      289.3108825684
      283.4206848145
      278.4432373047
      294.5919494629
      301.1077575684
      384.8682250977
      317.8518676758
      302.3036193848
      316.9302062988
      311.4866333008
      306.8764648438
      324.0515136719
      330.6759033203
      358.2025451660
      321.5628356934
      315.5882263184
      283.4687805176
      277.8886108398
      273.1715698242
      289.2693481445
      295.7787780762
      355.3510437012
      302.0772705078
      290.6289062500
      283.6310119629
      278.0446472168
      273.3227844238
      289.9296569824
      296.7484436035
      356.7203979492
      302.5053710938
      290.9420776367
      286.9938354492
      281.6319885254
      277.0970153809
      295.5649719238
      303.4413757324
      343.0238647461
      297.6437072754
      289.4264831543
      287.7704162598
      284.0377807617
      280.8682250977
      299.5956115723
      307.3221435547
      344.2014770508
      300.5617980957
      292.8123474121
      276.3784484863
      271.4963989258
      267.3649902344
      285.4833374023
      293.2030029297
      356.9782714844
      298.6139831543
      286.2775573730
      289.3775634766
      284.3370056152
      280.0711975098
      298.1138916016
      305.5990905762
      363.5345764160
      308.7889404297
      297.4275512695
      287.0367126465
      281.2121582031
      276.2934265137
      294.8662414551
      302.8354492188
      353.1024780273
      301.5764770508
      291.4678955078
      271.0098876953
      264.8360900879
      259.6322937012
      276.4570617676
      283.6447448730
      376.3453369141
      302.8633422852
      285.6301879883
      297.0612182617
      290.7016296387
      285.3366088867
      304.6910095215
      313.0439453125
      353.9995422363
      306.5718078613
      297.9736938477
      287.5459594727
      282.8714599609
      278.9139709473
      298.1705627441
      306.3139648438
      367.8981628418
      309.5686035156
      297.4394836426
      285.6509094238
      279.4188842773
      274.1642761230
      292.7470092773
      300.7480468750
      383.5536804199
      313.6144409180
      297.8607482910
      307.6572875977
      301.8227844238
      296.8939514160
      308.6740417480
      312.1695556641
      372.4885559082
      325.5842590332
      314.1167297363
      318.2317504883
      313.7088012695
      309.8755187988
      328.0724182129
      335.0612182617
      362.8588562012
      325.2238464355
      319.0287475586
      280.9636230469
      274.7818908691
      269.5724487305
      287.9403381348
      295.8204345703
      350.9949035645
      297.0275268555
      285.9694824219
      289.7681884766
      285.4131774902
      281.7253723145
      301.5421447754
      309.8598022461
      361.8371582031
      308.4009094238
      297.7975158691
      279.8359680176
      273.7164611816
      268.5604858398
      286.7479553223
      294.4911499023
      364.5184936523
      302.5475769043
      288.8846130371
      285.9274597168
      279.9051818848
      274.8289184570
      293.7546691895
      301.8154907227
      374.2948608398
      310.0809936523
      295.9138183594
      305.2060852051
      300.0826721191
      295.7515869141
      316.3772888184
      325.0184936523
      363.3182983398
      316.4114685059
      308.0726318359
      279.7742919922
      273.6432800293
      268.4801025391
      287.1100463867
      295.0587463379
      355.4202880859
      298.3919067383
      286.3006896973
      288.4547424316
      283.5736999512
      279.4491882324
      296.0624694824
      302.5257263184
      337.6235046387
      297.9341125488
      290.4387207031
      274.8848571777
      270.2526855469
      266.3388977051
      283.7085266113
      290.7445068359
      337.6862792969
      290.3828735352
      280.7042236328
      275.7334289551
      271.2103271484
      267.3881835938
      285.9440307617
      293.6220397949
      342.0350952148
      292.3404541016
      282.2976684570
      269.9267272949
      264.5931396484
      260.0975646973
      278.2728576660
      285.9002380371
      358.4488525391
      295.4768981934
      281.1738281250
      292.9366455078
      288.0824279785
      283.9823303223
      299.1317138672
      304.6611938477
      361.2660522461
      312.1126708984
      300.7623596191
      302.2876892090
      297.7141418457
      293.8478698730
      314.7205505371
      323.3309631348
      359.9193115234
      314.0137634277
      305.8362731934
      278.3499145508
      272.3858947754
      267.3676452637
      286.4344482422
      294.4816894531
      378.1680908203
      307.7773742676
      291.3226928711
      297.3129577637
      291.1089782715
      285.8877258301
      306.3700866699
      314.9865722656
      382.3892822266
      319.5588378906
      305.8272094727
      293.8198242188
      287.1080322266
      281.4684143066
      301.5800170898
      310.0698547363
      398.6596069336
      324.2643432617
      306.7472534180
      299.9937133789
      292.2861938477
      285.8243408203
      305.2711791992
      313.4132080078
      350.1122741699
      305.4279479980
      297.2064819336
      288.0390014648
      283.7732238770
      280.1697387695
      295.6696472168
      301.3519592285
      350.3014526367
      305.1864624023
      295.0166625977
      285.1575012207
      280.0733032227
      275.7884826660
      296.1373291016
      304.5972290039
      362.3143310547
      305.4226684570
      293.3066406250
      285.8656616211
      280.2594909668
      275.5416870117
      295.0890502930
      303.1402282715
      382.8109436035
      314.7333984375
      298.6436157227
      286.0470581055
      278.4746093750
      272.1346435547
      290.3483886719
      297.8670959473
      352.8692321777
      299.9680480957
      288.3754577637
      293.5270690918
      289.3398437500
      285.8042297363
      307.2151489258
      315.9913024902
      354.4883728027
      307.2289123535
      298.4460449219
      284.9376220703
      280.0900573730
      276.0056762695
      293.6771240234
      300.5910034180
      353.0210876465
      303.0809326172
      291.9353027344
      281.0360717773
      275.5453186035
      270.9282836914
      285.9273681641
      291.5120239258
      343.0624389648
      297.1420288086
      286.2828674316
      274.8176574707
      269.4022521973
      264.8500976562
      284.3695068359
      292.3944396973
      358.0128173828
      298.0590209961
      284.2905273438
      275.5564575195
      269.3089904785
      264.0696411133
      284.0844421387
      292.4196777344
      360.8875732422
      298.5454406738
      284.1689453125
      277.2745666504
      270.9832763672
      265.7084350586
      285.8418579102
      294.2000732422
      374.6428527832
      305.5551147461
      288.8961791992
      282.8883056641
      275.8388671875
      269.9391174316
      290.1825561523
      298.5857543945
      379.7317810059
      310.1430358887
      293.2598571777
      308.4084777832
      303.2400512695
      298.8902587891
      315.6885681152
      321.8739013672
      373.4577636719
      325.8169555664
      314.5904541016
      309.7138671875
      304.8386840820
      300.7336730957
      308.3071899414
      309.7101135254
      340.7655944824
      316.3062438965
      309.7473754883
      298.7099609375
      295.0156555176
      291.8982543945
      305.5229797363
      310.0387268066
      349.4350280762
      312.8334655762
      304.1159973145
      301.4318847656
      297.7622985840
      294.6660766602
      309.5531311035
      314.6874084473
      354.8521728516
      316.2451782227
      307.2424926758
      308.3155822754
      304.9281311035
      302.0682373047
      320.7617797852
      327.7339477539
      362.2387695312
      321.7142639160
      313.5093078613
      290.0136108398
      284.5319519043
      279.9309387207
      301.8711547852
      310.7829284668
      382.8789672852
      317.0936279297
      301.3680114746
      299.4225769043
      293.2611694336
      288.0970458984
      310.6825256348
      319.8600158691
      352.9318237305
      307.5413208008
      299.2384643555
      286.9281616211
      282.5190429688
      278.8107604980
      296.4169311523
      303.0772094727
      339.6354980469
      299.2581176758
      290.5951843262
      286.2120056152
      282.4720153809
      279.3221740723
      301.5281372070
      310.4015502930
      349.5076293945
      301.8234558105
      292.3033752441
      270.6199340820
      264.9118041992
      260.1328125000
      279.3520507812
      286.9956665039
      379.3866882324
      306.2481689453
      286.4047851562
      290.2818603516
      283.2997131348
      277.4679260254
      299.9983825684
      309.1605529785
      367.7305603027
      308.8370666504
      295.3263854980
      286.1558837891
      280.2532043457
      275.3121948242
      287.0011596680
      290.8534240723
      360.4100646973
      310.7395019531
      295.4772949219
      291.6187438965
      285.6233825684
      280.6058044434
      303.1584777832
      312.2012329102
      362.3619079590
      308.3820800781
      296.3932495117
      288.9039611816
      283.7473449707
      279.4244995117
      294.3274230957
      299.6578063965
      360.7498474121
      311.5218505859
      297.6549072266
      290.0771789551
      284.2762756348
      279.4219665527
      299.4204101562
      307.1938781738
      379.1317749023
      317.2084960938
      300.7786560059
      290.5309143066
      283.6202392578
      277.8543395996
      300.5189819336
      309.5861816406
      373.4172668457
      312.1799011230
      297.1787719727
      284.4800720215
      277.8635559082
      272.3424682617
      294.6005554199
      303.4725341797
      397.2114868164
      320.3722229004
      299.2177124023
      294.5950317383
      286.6724853516
      280.0805053711
      302.2643127441
      311.0685729980
      363.7685852051
      309.3328552246
      296.4443359375
      290.7504272461
      285.5841369629
      281.2585754395
      303.7418212891
      312.5534667969
      386.6842956543
      320.8824768066
      303.4289550781
      293.5179138184
      286.4317626953
      280.5272216797
      296.3643493652
      302.1527709961
      381.1117248535
      321.8647155762
      303.5132751465
      301.2422180176
      294.6157836914
      289.0873413086
      311.9684753418
      320.9091796875
      382.4250488281
      323.1120300293
      308.0106201172
      305.1510009766
      299.6018371582
      294.9608154297
      317.7871093750
      326.6098937988
      396.5522155762
      333.2360534668
      316.1988830566
      320.6748046875
      315.2355651855
      310.6838378906
      318.3468017578
      320.1832885742
      368.1018981934
      336.4591369629
      324.9958190918
      310.8873901367
      305.4856567383
      300.9678649902
      324.4401550293
      333.4681701660
      371.4032592773
      324.2155151367
      313.8338928223
      286.0715942383
      279.7154846191
      274.4191589355
      294.6935119629
      302.4310302734
      381.8920898438
      317.2203674316
      297.8294372559
      292.6920776367
      285.7001037598
      279.8824768066
      302.8593444824
      311.7625427246
      380.5918884277
      318.0759887695
      300.7255554199
      291.5260620117
      284.8436889648
      279.2814025879
      302.4140625000
      311.3541564941
      405.5596008301
      329.7467041016
      306.5866394043
      299.9120483398
      291.6995239258
      284.8872680664
      307.9389343262
      316.8135375977
      383.5242004395
      322.4777221680
      305.2275695801
      294.5593566895
      287.8617553711
      282.2891845703
      305.7614440918
      314.7782287598
      424.5361328125
      340.7355957031
      313.5324096680
      333.8592834473
      327.1104736328
      321.4868164062
      342.9814758301
      350.9271850586
      389.1171569824
      345.3489379883
      334.3789672852
      297.7925720215
      290.5218811035
      284.4831542969
      308.1167297363
      317.1425781250
      400.6967163086
      331.0790710449
      309.2708435059
      309.3581848145
      302.4975891113
      296.7919921875
      317.6676940918
      325.4197692871
      440.6838684082
      359.2873840332
      329.6581115723
      324.0182495117
      314.3618774414
      306.3771362305
      331.9465026855
      341.6695251465
      379.4880065918
      331.0427551270
      319.4599304199
      292.2170104980
      285.7992248535
      280.4642028809
      304.1774902344
      313.1585388184
      389.5816040039
      324.5173339844
      303.4992065430
      301.7348632812
      295.1981811523
      289.7647094727
      314.6007080078
      323.9915771484
      413.7556152344
      341.1283569336
      316.3390502930
      315.0540161133
      307.5796203613
      301.3776245117
      326.6487121582
      336.1520080566
      388.4717712402
      334.2907104492
      318.4184570312
      304.4372558594
      298.3193359375
      293.2312316895
      317.9775085449
      327.2569885254
      400.7464904785
      337.4841613770
      315.7539062500
      303.5396423340
      296.1256103516
      289.9803466797
      312.1011962891
      320.2737121582
      410.7979736328
      343.7615356445
      316.7627868652
      325.0023803711
      318.4271545410
      313.0144348145
      337.2209472656
      346.1741943359
      445.7819213867
      373.9573059082
      342.3957519531
      342.6797485352
      334.5789489746
      328.0924377441
      355.5513305664
      365.8363342285
      432.2027282715
      371.5218505859
      349.0300292969
      332.8670959473
      325.4185180664
      319.5340270996
      339.3885498047
      346.5873718262
      359.8126525879
      331.6063842773
      325.2632141113
      314.0911865234
      311.2135314941
      309.2724304199
      334.8239135742
      344.4493103027
      374.4772644043
      332.1631774902
      320.0247802734
      320.0452270508
      316.9991760254
      314.8512268066
      331.6368713379
      337.6483459473
      385.6670227051
      346.8286743164
      330.0137634277
      306.3197937012
      299.5899658203
      294.8196411133
      319.5539855957
      328.9497680664
      453.2219238281
      369.7893981934
      329.4744567871
      320.3175964355
      309.6221008301
      301.9061279297
      327.2352600098
      336.8894653320
      444.8792114258
      368.4939880371
      332.5421142578
      311.6130371094
      300.9000854492
      293.3263549805
      317.9889526367
      327.4222717285
      402.2621459961
      341.6513977051
      315.3738098145
      302.9760131836
      295.3785400391
      290.3936767578
      314.9848022461
      324.4271850586
      406.7278137207
      342.9810485840
      314.2002563477
      304.0891113281
      296.1957397461
      291.1259460449
      315.4219055176
      324.7708435059
      393.8796691895
      336.4953918457
      311.4385375977
      299.0158081055
      291.8122863770
      287.4053344727
      311.1114501953
      320.2552795410
      416.1934509277
      347.8307189941
      314.4113464355
      312.5754394531
      304.5394287109
      299.6909484863
      324.2209167480
      333.7082214355
      448.1988525391
      370.9172363281
      331.3356323242
      330.9126281738
      321.6505737305
      315.9926757812
      340.1486206055
      349.4769287109
      487.2935485840
      400.7945251465
      353.5539245605
      331.1195373535
      318.1162414551
      309.7983703613
      333.7009277344
      342.9692077637
      395.0818786621
      346.1910705566
      325.3105468750
      333.9953308105
      330.2388305664
      328.2411804199
      341.4355468750
      346.2639160156
      375.9240112305
      349.6836853027
      337.5274658203
      307.6843261719
      301.5933532715
      300.1696166992
      322.9912719727
      332.4443054199
      387.1780700684
      338.4278869629
      314.7380371094
      293.8683776855
      286.7457580566
      284.4645080566
      306.1969299316
      315.1987915039
      391.8041076660
      335.1818542480
      304.6843872070
      297.6088256836
      290.3931274414
      288.1403808594
      309.9126281738
      318.9309692383
      397.0542297363
      339.9530639648
      308.7334899902
      298.5566406250
      290.8969116211
      288.4596252441
      310.8526000977
      320.1280517578
      409.0966186523
      346.7282409668
      311.7352294922
      311.6563110352
      304.2422180176
      300.2288513184
      315.8374633789
      321.8678283691
      416.0183715820
      361.2701416016
      326.6682739258
      332.4110107422
      325.2175292969
      321.8146057129
      340.5047607422
      347.8109436035
      392.8844299316
      354.1932373047
      334.9094543457
      307.1158447266
      299.9386901855
      297.9862060547
      319.0711364746
      327.8048095703
      373.2062683105
      331.0915222168
      309.8748168945
      284.7208557129
      277.7867126465
      276.0663757324
      297.4333801270
      306.2838439941
      395.7977294922
      335.0349426270
      299.2987365723
      298.1336059570
      290.5832824707
      288.5665588379
      310.2307128906
      319.2043151855
      414.8384094238
      351.5608215332
      313.4144897461
      329.7222290039
      323.5335998535
      319.4515991211
      323.6052246094
      325.0116577148
      377.7140502930
      354.7399291992
      335.3363342285
      325.9295349121
      320.3647766113
      318.1687011719
      332.2810668945
      337.8423767090
      366.7303161621
      340.1762084961
      326.5056457520
      298.5022583008
      292.5232849121
      291.9871826172
      314.3734741211
      323.6461791992
      380.7066955566
      332.7347412109
      306.6702575684
      288.1523437500
      281.0285644531
      279.6387329102
      301.3233642578
      310.3054199219
      392.8222045898
      335.4429931641
      300.8981628418
      301.2706298828
      294.3404235840
      293.3588562012
      316.1428222656
      325.5802307129
      428.1782836914
      361.5513000488
      319.6828918457
      322.4277648926
      314.2305297852
      312.6574707031
      336.6138000488
      346.5368347168
      437.5577697754
      374.6546325684
      336.0630798340
      324.5807189941
      315.6555786133
      311.6874084473
      323.6499023438
      328.6049194336
      360.6405334473
      335.7590332031
      320.3826293945
      312.0403747559
      308.0261230469
      308.4555053711
      325.9837951660
      333.2442626953
      367.7930908203
      335.2213439941
      317.3552551270
      311.0486755371
      306.9538879395
      307.7593383789
      327.4880676270
      335.6599731445
      395.2887878418
      350.6367797852
      323.3216247559
      316.7124023438
      310.6286621094
      310.6240539551
      333.1519470215
      342.4833068848
      415.2047119141
      362.0511474609
      329.2886352539
      319.9030761719
      312.4984130859
      311.5457153320
      333.4022521973
      342.4555358887
      429.3879089355
      371.7673950195
      334.0265808105
      334.3113708496
      326.9010314941
      322.0964355469
      323.6544494629
      324.3486022949
      353.7823791504
      342.6789550781
      331.2267456055
      317.9068603516
      313.7205810547
      313.9630737305
      329.9549865723
      336.5790710449
      383.5763854980
      348.8300476074
      326.4988098145
      307.2257690430
      300.6927490234
      300.7428283691
      323.4461975098
      332.8502197266
      425.6790771484
      364.9299621582
      324.3629455566
      345.2821350098
      339.7491455078
      340.6291809082
      363.8027038574
      373.4014892578
      432.1101379395
      384.4574584961
      355.4750976562
      326.5758361816
      317.9429016113
      317.0499877930
      341.1534423828
      351.1374206543
      400.0562438965
      354.7176818848
      328.8653259277
      308.4894714355
      301.5313720703
      301.6389465332
      324.7558898926
      334.3312683105
      418.7704772949
      361.2246704102
      322.9039916992
      314.0894470215
      305.8481140137
      305.2030334473
      328.3493652344
      337.9369201660
      446.8518981934
      380.0926818848
      332.7731018066
      336.3378295898
      327.6133422852
      326.9924926758
      351.3729553223
      361.4716796875
      409.3241882324
      364.4177856445
      338.3940734863
      333.3269958496
      328.1414489746
      329.9748840332
      354.6130371094
      364.8184814453
      413.8564758301
      368.3193664551
      341.6315307617
      330.3808593750
      324.3708801270
      325.6675415039
      349.9324035645
      359.9832153320
      451.6653747559
      390.9405822754
      348.7507019043
      337.0467224121
      327.8345947266
      327.0548095703
      350.9131164551
      360.7955322266
      477.1276245117
      407.8792419434
      356.6036682129
      346.1741943359
      335.2913208008
      333.6983337402
      358.2514648438
      368.4217224121
      434.2980041504
      383.1242980957
      349.8627014160
      324.3511962891
      315.4689331055
      315.0701293945
      338.7901916504
      348.6153869629
      420.0105285645
      367.7717895508
      332.6539306641
      313.2677612305
      304.7085266113
      304.3135070801
      326.7950439453
      336.1072082520
      423.5429077148
      367.0147094727
      326.2587280273
      321.2152709961
      313.0814208984
      313.2063903809
      336.4298400879
      346.0493164062
      434.9339294434
      377.2006835938
      335.4488525391
      328.2164306641
      319.6921386719
      319.8308105469
      343.7838745117
      353.7055664062
      433.3959350586
      378.3066406250
      339.5199890137
      322.0948791504
      313.0936279297
      311.8873291016
      331.4958190918
      339.6179199219
      410.5508422852
      364.2793579102
      330.1325378418
      329.3880920410
      322.9625854492
      320.4603271484
      329.1972351074
      332.8161926270
      407.5336303711
      374.2994995117
      342.4495239258
      331.9152221680
      324.1353759766
      320.8000793457
      329.5043640137
      333.1098022461
      424.0014343262
      385.6280822754
      347.4076843262
      343.3490905762
      335.0063476562
      333.8977661133
      351.9153442383
      359.3784790039
      429.7931213379
      386.3717651367
      352.5791625977
      344.6944580078
      337.4253234863
      337.4151916504
      356.8382873535
      364.8835754395
      457.6298828125
      404.8896179199
      361.9013671875
      356.6661376953
      347.9512634277
      348.2400512695
      371.7071533203
      381.4275512695
      485.1660461426
      423.5136108398
      374.6976928711
      361.4503479004
      350.9634704590
      347.4116210938
      361.0576782227
      366.7100524902
      406.6951599121
      379.0580139160
      358.4593811035
      341.4747314453
      335.5457153320
      332.5127258301
      333.5075988770
      334.3644714355
      347.9358825684
      342.9818115234
      336.5892944336
      328.7091369629
      326.3983459473
      326.3669738770
      329.9550476074
      331.8921813965
      343.3681945801
      336.0429077148
      329.2932739258
      324.5003967285
      322.6873168945
      322.7730407715
      330.4550170898
      333.6369934082
      370.1022033691
      350.8577880859
      333.9603271484
      325.7899475098
      321.3444213867
      322.6973266602
      339.7854614258
      346.8636169434
      381.1676940918
      351.2464294434
      331.1078186035
      319.7626037598
      314.9043579102
      317.9008483887
      340.9577941895
      350.5082702637
      406.8774108887
      362.3470458984
      331.0513610840
      329.5671386719
      324.0762023926
      327.0841674805
      351.3201904297
      361.3590698242
      450.2590942383
      393.3277587891
      348.8547668457
      345.1465759277
      336.8514099121
      338.4037475586
      363.2285461426
      373.5112915039
      468.8567504883
      409.2448425293
      361.8792419434
      352.4684753418
      342.9902343750
      344.0620117188
      369.4197998047
      379.9233398438
      496.5766296387
      429.1038208008
      373.0816345215
      378.2283935547
      368.7651062012
      370.1879272461
      396.7522888184
      407.7556152344
      483.1672973633
      428.7637634277
      388.1539306641
      341.3369140625
      329.0686340332
      328.3793334961
      352.6366577148
      362.6843872070
      427.0556030273
      378.8297729492
      343.3945312500
      330.8841552734
      323.3999633789
      325.4333801270
      349.3528747559
      359.2606506348
      446.9887084961
      391.3797302246
      346.8453369141
      339.6522216797
      331.0184020996
      332.5328979492
      356.8252258301
      366.8874511719
      418.2305297852
      374.4483032227
      343.9058227539
      316.2813110352
      308.0014953613
      309.4831848145
      332.5815734863
      342.1492614746
      448.0944213867
      387.2376098633
      335.6721496582
      355.5748291016
      348.7568664551
      349.3359985352
      367.5942687988
      375.1571044922
      428.4629516602
      391.8400268555
      363.0887145996
      327.1690368652
      317.8161926270
      319.0557250977
      343.0973815918
      353.0557556152
      441.6318664551
      385.8116760254
      340.4695434570
      332.9211120605
      324.1814880371
      325.7671813965
      349.7528381348
      359.6880187988
      473.7749023438
      409.6001281738
      354.0818786621
      347.5534057617
      336.9802246094
      337.8170776367
      362.6932983398
      372.9973449707
      451.3755493164
      398.3330078125
      356.4691772461
      338.5395202637
      329.2985839844
      329.5553283691
      350.2795410156
      358.8637695312
      430.6207885742
      385.0581359863
      347.5607910156
      355.4965515137
      349.8936157227
      351.6732788086
      371.0239257812
      379.0392456055
      419.3982849121
      385.6481018066
      361.3176879883
      341.7682800293
      335.2735595703
      338.2586059570
      362.3222961426
      372.2897949219
      455.1159667969
      401.8566894531
      358.3529968262
      348.0245361328
      339.3110961914
      339.1863403320
      357.8161621094
      365.5328979492
      497.8198852539
      435.7283020020
      374.5651855469
      368.1301574707
      356.0639038086
      354.7410888672
      375.4776916504
      384.0670471191
      464.4692687988
      416.6559143066
      375.4783935547
      356.7509155273
      347.2094421387
      348.6539306641
      373.1166992188
      383.2495117188
      432.9448242188
      390.1057128906
      359.4695739746
      343.6035156250
      336.7360839844
      338.4999389648
      359.3691406250
      368.0134582520
      433.2561035156
      389.9464721680
      354.6967773438
      337.9581909180
      329.8522949219
      331.7304687500
      354.7575073242
      364.2955932617
      437.8839111328
      389.0926818848
      349.4727783203
      332.2142333984
      323.4111328125
      324.4828491211
      346.1690063477
      355.1517028809
      436.0963439941
      386.5968933105
      344.5865783691
      335.2140502930
      326.7928466797
      322.6215209961
      328.7817077637
      331.3333435059
      423.4335937500
      390.9450683594
      351.1834716797
      350.5969543457
      342.3607482910
      338.2958984375
      344.6837463379
      347.3296508789
      383.3020324707
      366.5803222656
      350.0568237305
      348.0642089844
      344.3909912109
      344.4782104492
      355.4211120605
      359.9537963867
      422.3485107422
      392.5946960449
      363.0053710938
      344.8357238770
      336.8709106445
      339.1817321777
      363.1291198730
      373.0484619141
      469.1837158203
      412.0911560059
      362.8856811523
      348.7458496094
      338.5613708496
      339.9562072754
      364.7987365723
      375.0888671875
      493.0508117676
      427.5526733398
      369.1839294434
      382.6662292480
      374.0116271973
      374.2098083496
      393.7727050781
      401.8759460449
      551.5909423828
      453.6967468262
      402.6235656738
      366.0796508789
      352.5844421387
      351.2071533203
      373.5473022461
      382.8008728027
      415.9385986328
      380.9644775391
      357.8064575195
      319.0716552734
      310.7732543945
      312.7255859375
      335.7944946289
      345.3499450684
      418.7203674316
      369.7656250000
      330.0762329102
      321.7493286133
      314.0603332520
      316.3131103516
      339.3413085938
      348.8798828125
      438.8901062012
      384.5977783203
      338.2699584961
      339.1823730469
      331.2923278809
      333.7860412598
      358.0889587402
      368.1555786133
      447.7042846680
      395.4422912598
      352.7585144043
      343.5495300293
      335.2147827148
      337.2944335938
      361.2137756348
      371.1215209961
      447.2378234863
      396.6216125488
      355.5092773438
      340.4972229004
      331.7395629883
      333.7146606445
      357.9982604980
      368.0568542480
      442.9369812012
      392.1741333008
      351.4193115234
      330.3703918457
      321.0249023438
      322.5009460449
      346.1878967285
      355.9993591309
      438.5682373047
      385.8690185547
      342.3392333984
      324.7344360352
      315.2546386719
      316.5376586914
      339.8621826172
      349.5234985352
      447.4984436035
      390.0402526855
      340.5540466309
      339.2841796875
      330.5364074707
      331.3784484863
      352.5568237305
      361.3291931152
      494.1752929688
      428.3225097656
      365.7485351562
      357.4368591309
      345.1894836426
      345.3859558105
      370.5865173340
      381.0249023438
      423.8545837402
      382.2361755371
      353.9967651367
      329.4794616699
      322.1077270508
      324.5495605469
      348.1478881836
      357.9226074219
      444.8742980957
      390.7210388184
      345.6785888672
