        0.0058861384
        0.0061151995
        0.0063442602
        0.0065733213
        0.0058861384
        0.0051989560
        0.0054280167
        0.0056570778
        0.0063090203
        0.0066790418
        0.0070490632
        0.0074190847
        0.0061628777
        0.0049066702
        0.0053254059
        0.0057441415
        0.0061411113
        0.0065525915
        0.0069640721
        0.0073755523
        0.0068718260
        0.0063680992
        0.0065360079
        0.0067039169
        0.0069153579
        0.0070977774
        0.0072801970
        0.0074626165
        0.0066199629
        0.0057773087
        0.0060581933
        0.0063390778
        0.0063370052
        0.0065235705
        0.0067101358
        0.0068967016
        0.0062375036
        0.0055783060
        0.0057980386
        0.0060177711
        0.0066759326
        0.0070418078
        0.0074076834
        0.0077735586
        0.0068127471
        0.0058519351
        0.0061722058
        0.0064924764
        0.0071236892
        0.0075476072
        0.0079715252
        0.0083954437
        0.0076429630
        0.0068904823
        0.0071413093
        0.0073921359
        0.0082835043
        0.0087478450
        0.0092121856
        0.0096765263
        0.0086846203
        0.0076927138
        0.0080233496
        0.0083539849
        0.0077424645
        0.0077590481
        0.0077756317
        0.0077922153
        0.0069371238
        0.0060820323
        0.0063670627
        0.0066520930
        0.0067350115
        0.0069526709
        0.0071703307
        0.0073879901
        0.0069899843
        0.0065919780
        0.0067246468
        0.0068573155
        0.0085695712
        0.0092287688
        0.0098879663
        0.0105471639
        0.0098475441
        0.0091479244
        0.0093811303
        0.0096143372
        0.0115732746
        0.0123817250
        0.0131901745
        0.0139986249
        0.0129662966
        0.0119339675
        0.0122780772
        0.0126221869
        0.0127082141
        0.0129662966
        0.0132243782
        0.0134824608
        0.0121733928
        0.0108643258
        0.0113006812
        0.0117370375
        0.0123226447
        0.0128087513
        0.0132948579
        0.0137809645
        0.0123226447
        0.0108643258
        0.0113504315
        0.0118365381
        0.0124594597
        0.0129911713
        0.0135228829
        0.0140545946
        0.0126024941
        0.0111503927
        0.0116344262
        0.0121184597
        0.0152423941
        0.0166063942
        0.0179703943
        0.0193343963
        0.0159824360
        0.0126304775
        0.0137477973
        0.0148651171
        0.0139986239
        0.0144546730
        0.0149107222
        0.0153667703
        0.0122853322
        0.0092038941
        0.0102310395
        0.0112581858
        0.0099470457
        0.0101947635
        0.0104424814
        0.0106901983
        0.0095117269
        0.0083332546
        0.0087260790
        0.0091189025
        0.0101305014
        0.0107295839
        0.0113286665
        0.0119277490
        0.0096423225
        0.0073568961
        0.0081187049
        0.0088805137
        0.0085260393
        0.0089157540
        0.0093054678
        0.0096951826
        0.0079663433
        0.0062375036
        0.0068137832
        0.0073900633
        0.0068158563
        0.0070086406
        0.0072014248
        0.0073942095
        0.0066697136
        0.0059452178
        0.0061867167
        0.0064282152
        0.0066199629
        0.0068448777
        0.0070697926
        0.0072947075
        0.0079383580
        0.0085820090
        0.0083674584
        0.0081529086
        0.0089458115
        0.0090670791
        0.0091883466
        0.0093096141
        0.0095117269
        0.0097138388
        0.0096464679
        0.0095790979
        0.0114240218
        0.0119940834
        0.0125641441
        0.0131342057
        0.0126646822
        0.0121951597
        0.0123516675
        0.0125081744
        0.0115048671
        0.0112747699
        0.0110446718
        0.0108145745
        0.0106186811
        0.0104227876
        0.0104880854
        0.0105533833
        0.0103263957
        0.0102942651
        0.0102621345
        0.0102300039
        0.0095428210
        0.0088556381
        0.0090846987
        0.0093137603
        0.0083736777
        0.0082130237
        0.0080523705
        0.0078917164
        0.0080969390
        0.0083021615
        0.0082337540
        0.0081653465
        0.0084203193
        0.0084597049
        0.0084990906
        0.0085384771
        0.0084172096
        0.0082959421
        0.0083363643
        0.0083767865
        0.0085322587
        0.0086110299
        0.0086898021
        0.0087685743
        0.0076554008
        0.0065422272
        0.0069132852
        0.0072843432
        0.0079010455
        0.0083539849
        0.0088069243
        0.0092598638
        0.0086628543
        0.0080658449
        0.0082648480
        0.0084638512
        0.0072138626
        0.0069298684
        0.0066458741
        0.0063618803
        0.0082150968
        0.0100683132
        0.0094505744
        0.0088328356
        0.0108923111
        0.0111669768
        0.0114416424
        0.0117163081
        0.0115359612
        0.0113556152
        0.0114157302
        0.0114758462
        0.0115639465
        0.0116333896
        0.0117028337
        0.0117722778
        0.0120863291
        0.0124003813
        0.0122956978
        0.0121910134
        0.0131839560
        0.0134451473
        0.0137063386
        0.0139675299
        0.0128450282
        0.0117225265
        0.0120966937
        0.0124708610
        0.0126118213
        0.0129082529
        0.0132046845
        0.0135011161
        0.0125029916
        0.0115048671
        0.0118375756
        0.0121702831
        0.0100247813
        0.0095314197
        0.0090380572
        0.0085446956
        0.0084203193
        0.0082959421
        0.0083374009
        0.0083788596
        0.0082586287
        0.0082461918
        0.0082337540
        0.0082213162
        0.0078823883
        0.0075434614
        0.0076564373
        0.0077694128
        0.0087903403
        0.0092059663
        0.0096215922
        0.0100372192
        0.0091199391
        0.0082026590
        0.0085084187
        0.0088141793
        0.0098475441
        0.0103958389
        0.0109441336
        0.0114924293
        0.0111877052
        0.0108829821
        0.0109845567
        0.0110861314
        0.0108176852
        0.0107959192
        0.0107741533
        0.0107523873
        0.0103295054
        0.0099066235
        0.0100475838
        0.0101885451
        0.0106186811
        0.0108560333
        0.0110933864
        0.0113307387
        0.0102579882
        0.0091852378
        0.0095428210
        0.0099004041
        0.0084358659
        0.0081860758
        0.0079362849
        0.0076864948
        0.0072294096
        0.0067723244
        0.0069246865
        0.0070770481
        0.0070459540
        0.0071371635
        0.0072283735
        0.0073195831
        0.0069464520
        0.0065733213
        0.0066976980
        0.0068220752
        0.0075341333
        0.0078544039
        0.0081746746
        0.0084949452
        0.0079570152
        0.0074190847
        0.0075983945
        0.0077777049
        0.0088400915
        0.0093137603
        0.0097874291
        0.0102610979
        0.0100310007
        0.0098009035
        0.0098776026
        0.0099543016
        0.0104321167
        0.0106425211
        0.0108529255
        0.0110633299
        0.0107865902
        0.0105098514
        0.0106020980
        0.0106943436
        0.0106901973
        0.0107503133
        0.0108104292
        0.0108705442
        0.0103295045
        0.0097884648
        0.0099688116
        0.0101491585
        0.0114271315
        0.0119733531
        0.0125195757
        0.0130657982
        0.0117847146
        0.0105036320
        0.0109306602
        0.0113576874
        0.0114426780
        0.0117556937
        0.0120687094
        0.0123817241
        0.0130844545
        0.0137871839
        0.0135529405
        0.0133186970
        0.0123195359
        0.0118303206
        0.0113411043
        0.0108518889
        0.0089395931
        0.0070272973
        0.0076647294
        0.0083021615
        0.0083985534
        0.0088556381
        0.0093127238
        0.0097698085
        0.0097045107
        0.0096392129
        0.0096609788
        0.0096827447
        0.0099999057
        0.0101201367
        0.0102403676
        0.0103605995
        0.0099190613
        0.0094775232
        0.0096247019
        0.0097718816
        0.0101305014
        0.0103481617
        0.0105658211
        0.0107834805
        0.0105347270
        0.0102859735
        0.0103688911
        0.0104518095
        0.0098506538
        0.0097055472
        0.0095604407
        0.0094153350
        0.0077238083
        0.0060322816
        0.0065961238
        0.0071599660
        0.0080907196
        0.0087768659
        0.0094630122
        0.0101491585
        0.0091261575
        0.0081031574
        0.0084441574
        0.0087851575
        0.0104072411
        0.0111752683
        0.0119432956
        0.0127113238
        0.0117878243
        0.0108643258
        0.0111721586
        0.0114799915
        0.0112001430
        0.0113120824
        0.0114240218
        0.0115359612
        0.0114737730
        0.0114115849
        0.0114323143
        0.0114530437
        0.0122200344
        0.0124895182
        0.0127590019
        0.0130284848
        0.0127641838
        0.0124998828
        0.0125879832
        0.0126760835
        0.0123723969
        0.0123299006
        0.0122874053
        0.0122449100
        0.0113711618
        0.0104974136
        0.0107886624
        0.0110799121
        0.0106964167
        0.0107627511
        0.0108290855
        0.0108954199
        0.0111224083
        0.0113493958
        0.0112737333
        0.0111980708
        0.0101740342
        0.0097822463
        0.0093904594
        0.0089986715
        0.0095739150
        0.0101491585
        0.0099574104
        0.0097656632
        0.0105938055
        0.0107420217
        0.0108902380
        0.0110384533
        0.0107026361
        0.0103668179
        0.0104787573
        0.0105906967
        0.0102766445
        0.0102465870
        0.0102165285
        0.0101864710
        0.0097293863
        0.0092723006
        0.0094246622
        0.0095770238
        0.0090111094
        0.0089240456
        0.0088369818
        0.0087499171
        0.0085011637
        0.0082524102
        0.0083353277
        0.0084182462
        0.0083488021
        0.0083809327
        0.0084130634
        0.0084451940
        0.0081404708
        0.0078357477
        0.0079373224
        0.0080388961
        0.0082617383
        0.0084037352
        0.0085457321
        0.0086877290
        0.0079694521
        0.0072511756
        0.0074906014
        0.0077300267
        0.0084856171
        0.0088970968
        0.0093085775
        0.0097200582
        0.0091852369
        0.0086504165
        0.0088286893
        0.0090069631
        0.0091261575
        0.0092847385
        0.0094433194
        0.0096018994
        0.0100776413
        0.0105533833
        0.0103948023
        0.0102362223
        0.0096485410
        0.0093469275
        0.0090453131
        0.0087436996
        0.0089084981
        0.0090732975
        0.0090183644
        0.0089634312
        0.0087592462
        0.0086545618
        0.0085498784
        0.0084451940
        0.0075558992
        0.0066666040
        0.0069630360
        0.0072594676
        0.0080658449
        0.0085322587
        0.0089986715
        0.0094650853
        0.0095863529
        0.0097076204
        0.0096671972
        0.0096267750
        0.0114302402
        0.0120044472
        0.0125786541
        0.0131528610
        0.0126056029
        0.0120583437
        0.0122407638
        0.0124231828
        0.0111006415
        0.0107814074
        0.0104621733
        0.0101429392
        0.0091323769
        0.0081218146
        0.0084586684
        0.0087955231
        0.0080658449
        0.0080471886
        0.0080285314
        0.0080098752
        0.0082990518
        0.0085882284
        0.0084918356
        0.0083954437
        0.0088587478
        0.0089489212
        0.0090390947
        0.0091292672
        0.0091634709
        0.0091976747
        0.0091862734
        0.0091748722
        0.0097200572
        0.0098941857
        0.0100683132
        0.0102424407
        0.0110322349
        0.0118220281
        0.0115587637
        0.0112954993
        0.0126304785
        0.0128999623
        0.0131694451
        0.0134389289
        0.0116789946
        0.0099190613
        0.0105057051
        0.0110923499
        0.0088774040
        0.0085301856
        0.0081829662
        0.0078357477
        0.0088121062
        0.0097884648
        0.0094630122
        0.0091375597
        0.0104569914
        0.0106798327
        0.0109026749
        0.0111255171
        0.0111503927
        0.0111752674
        0.0111669758
        0.0111586843
        0.0111348452
        0.0111213718
        0.0111078974
        0.0110944230
        0.0112592224
        0.0114240227
        0.0113690896
        0.0113141565
        0.0113587240
        0.0113369580
        0.0113151921
        0.0112934262
        0.0119246393
        0.0125558525
        0.0123454481
        0.0121350437
        0.0110073593
        0.0104911951
        0.0099750310
        0.0094588660
        0.0080751730
        0.0066914796
        0.0071527106
        0.0076139420
        0.0066852607
        0.0066831876
        0.0066811144
        0.0066790418
        0.0070241876
        0.0073693339
        0.0072542853
        0.0071392367
        0.0069526713
        0.0068137837
        0.0066748960
        0.0065360083
        0.0065422272
        0.0065484457
        0.0065463730
        0.0065442999
        0.0073662242
        0.0076388172
        0.0079114102
        0.0081840027
        0.0081777843
        0.0081715649
        0.0081736380
        0.0081757111
        0.0089427019
        0.0091997478
        0.0094567938
        0.0097138388
        0.0091541428
        0.0085944468
        0.0087810121
        0.0089675775
        0.0099812495
        0.0104435170
        0.0109057855
        0.0113680530
        0.0105658211
        0.0097635901
        0.0100309998
        0.0102984104
        0.0102579882
        0.0104227876
        0.0105875880
        0.0107523873
        0.0100558763
        0.0093593653
        0.0095915357
        0.0098237060
        0.0088432003
        0.0086711459
        0.0084990915
        0.0083270362
        0.0085198209
        0.0087126046
        0.0086483434
        0.0085840821
        0.0092816297
        0.0094713038
        0.0096609788
        0.0098506538
        0.0094339913
        0.0090173278
        0.0091562159
        0.0092951031
        0.0099283895
        0.0102320760
        0.0105357636
        0.0108394502
        0.0097698085
        0.0087001668
        0.0090567144
        0.0094132619
        0.0085913371
        0.0085550603
        0.0085187843
        0.0084825074
        0.0085291490
        0.0085757896
        0.0085602431
        0.0085446956
        0.0085384771
        0.0085260393
        0.0085136015
        0.0085011637
        0.0084638512
        0.0084265377
        0.0084389756
        0.0084514134
        0.0098009026
        0.0102590248
        0.0107171461
        0.0111752674
        0.0099097323
        0.0086441971
        0.0090660425
        0.0094878869
        0.0072698318
        0.0068117101
        0.0063535883
        0.0058954665
        0.0060695945
        0.0062437225
        0.0061856797
        0.0061276373
        0.0069557806
        0.0071931332
        0.0074304859
        0.0076678381
        0.0071827685
        0.0066976985
        0.0068593887
        0.0070210784
        0.0073973187
        0.0076305256
        0.0078637321
        0.0080969390
        0.0075061484
        0.0069153579
        0.0071122879
        0.0073092184
        0.0077735586
        0.0080596255
        0.0083456924
        0.0086317593
        0.0084638512
        0.0082959421
        0.0083519118
        0.0084078815
        0.0085322587
        0.0086110299
        0.0086898021
        0.0087685743
        0.0093469275
        0.0099252798
        0.0097324960
        0.0095397113
        0.0104569914
        0.0106342286
        0.0108114658
        0.0109887030
        0.0102610979
        0.0095334928
        0.0097760279
        0.0100185629
        0.0095925713
        0.0096122650
        0.0096319579
        0.0096516507
        0.0097293863
        0.0098071219
        0.0097812098
        0.0097552985
        0.0108363414
        0.0111794136
        0.0115224868
        0.0118655600
        0.0112436758
        0.0106217908
        0.0108290855
        0.0110363802
        0.0110913133
        0.0112478212
        0.0114043290
        0.0115608368
        0.0106808702
        0.0098009035
        0.0100942254
        0.0103875473
        0.0104632098
        0.0106839789
        0.0109047480
        0.0111255171
        0.0100309998
        0.0089364834
        0.0093013225
        0.0096661607
        0.0093407081
        0.0094754500
        0.0096101919
        0.0097449338
        0.0089302640
        0.0081155952
        0.0083871521
        0.0086587081
        0.0083021605
        0.0083643496
        0.0084265377
        0.0084887259
        0.0078917164
        0.0072947075
        0.0074937106
        0.0076927133
        0.0076616192
        0.0077839233
        0.0079062274
        0.0080285314
        0.0068842634
        0.0057399957
        0.0061214180
        0.0065028407
        0.0067381207
        0.0070708287
        0.0074035372
        0.0077362456
        0.0070397346
        0.0063432241
        0.0065753940
        0.0068075643
        0.0065515554
        0.0066209990
        0.0066904430
        0.0067598866
        0.0067039169
        0.0066479472
        0.0066666040
        0.0066852602
        0.0074253031
        0.0076844217
        0.0079435408
        0.0082026590
        0.0074626165
        0.0067225741
        0.0069692549
        0.0072159357
        0.0079756714
        0.0083933705
        0.0088110697
        0.0092287688
        0.0088525284
        0.0084762890
        0.0086017018
        0.0087271156
        0.0085167112
        0.0085301856
        0.0085436599
        0.0085571334
        0.0082555199
        0.0079539055
        0.0080544436
        0.0081549818
        0.0081093768
        0.0081612002
        0.0082130237
        0.0082648480
        0.0074563976
        0.0066479472
        0.0069174306
        0.0071869139
        0.0074843825
        0.0077631939
        0.0080420058
        0.0083208177
        0.0072076437
        0.0060944702
        0.0064655282
        0.0068365862
        0.0057368865
        0.0056176917
        0.0054984973
        0.0053793024
        0.0045117736
        0.0036442445
        0.0039334209
        0.0042225970
        0.0037530742
        0.0037893509
        0.0038256275
        0.0038619041
        0.0037219801
        0.0035820561
        0.0036286975
        0.0036753388
        0.0050963452
        0.0056011085
        0.0061058714
        0.0066106343
        0.0062841452
        0.0059576556
        0.0060664853
        0.0061753150
        0.0070677195
        0.0074377409
        0.0078077624
        0.0081777833
        0.0075310236
        0.0068842634
        0.0070998501
        0.0073154368
        0.0073848809
        0.0075517534
        0.0077186259
        0.0078854980
        0.0069682179
        0.0060509378
        0.0063566980
        0.0066624582
        0.0061753150
        0.0062167742
        0.0062582330
        0.0062996922
        0.0056031812
        0.0049066702
        0.0051388405
        0.0053710109
        0.0053171143
        0.0054539288
        0.0055907434
        0.0057275579
        0.0053388802
        0.0049502021
        0.0050797616
        0.0052093207
        0.0056311660
        0.0058581536
        0.0060851416
        0.0063121296
        0.0055565396
        0.0048009497
        0.0050528129
        0.0053046765
        0.0055969623
        0.0058622998
        0.0061276373
        0.0063929744
        0.0058705918
        0.0053482088
        0.0055223363
        0.0056964639
        0.0071299081
        0.0077238083
        0.0083177080
        0.0089116078
        0.0080409693
        0.0071703303
        0.0074605434
        0.0077507561
        0.0075248047
        0.0076429630
        0.0077611213
        0.0078792796
        0.0066355099
        0.0053917402
        0.0058063301
        0.0062209200
        0.0056000720
        0.0056695156
        0.0057389596
        0.0058084032
        0.0054601477
        0.0051118922
        0.0052279774
        0.0053440626
        0.0052580349
        0.0053067491
        0.0053554634
        0.0054041776
        0.0049502021
        0.0044962266
        0.0046475516
        0.0047988771
        0.0049750777
        0.0051346947
        0.0052943118
        0.0054539293
        0.0052300505
        0.0050061718
        0.0050807982
        0.0051554246
        0.0048444821
        0.0047905855
        0.0047366885
        0.0046827919
        0.0045459773
        0.0044091628
        0.0044547673
        0.0045003723
        0.0045086639
        0.0045418311
        0.0045749983
        0.0046081655
        0.0046081655
        0.0046081655
        0.0046081655
        0.0046081655
        0.0047605275
        0.0048113149
        0.0048621017
        0.0049128891
        0.0049035610
        0.0048942324
        0.0048973421
        0.0049004513
        0.0056498228
        0.0059016859
        0.0061535491
        0.0064054127
        0.0053730840
        0.0043407553
        0.0046848650
        0.0050289743
        0.0044931169
        0.0045439042
        0.0045946916
        0.0046454784
        0.0039831717
        0.0033208644
        0.0035416335
        0.0037624026
        0.0042692386
        0.0045853634
        0.0049014883
        0.0052176127
        0.0053046765
        0.0053917402
        0.0053627193
        0.0053336979
        0.0059607648
        0.0061504398
        0.0063401144
        0.0065297894
        0.0061504398
        0.0057710898
        0.0058975397
        0.0060239895
        0.0063121300
        0.0064924764
        0.0066728229
        0.0068531698
        0.0065919780
        0.0063307863
        0.0064178505
        0.0065049143
        0.0071267989
        0.0073921359
        0.0076574734
        0.0079228114
        0.0072978167
        0.0066728224
        0.0068811541
        0.0070894854
        0.0071703303
        0.0073361662
        0.0075020022
        0.0076678381
        0.0068687168
        0.0060695950
        0.0063359686
        0.0066023427
        0.0069682179
        0.0072677592
        0.0075673000
        0.0078668408
        0.0069464520
        0.0060260626
        0.0063328589
        0.0066396552
        0.0067754337
        0.0070252242
        0.0072750147
        0.0075248051
        0.0067101358
        0.0058954665
        0.0061670230
        0.0064385794
        0.0068749352
        0.0072014248
        0.0075279144
        0.0078544039
        0.0075030392
        0.0071516740
        0.0072687957
        0.0073859175
        0.0071889870
        0.0072014248
        0.0072138626
        0.0072263000
        0.0064955857
        0.0057648714
        0.0060084430
        0.0062520145
        0.0063183489
        0.0065028411
        0.0066873338
        0.0068718260
        0.0060198442
        0.0051678619
        0.0054518562
        0.0057358500
        0.0050745793
        0.0050434852
        0.0050123907
        0.0049812966
        0.0051056733
        0.0052300501
        0.0051885913
        0.0051471326
        0.0049968436
        0.0049191080
        0.0048413724
        0.0047636367
        0.0047169956
        0.0046703541
        0.0046859016
        0.0047014486
        0.0062219566
        0.0067391573
        0.0072563579
        0.0077735586
        0.0068345126
        0.0058954665
        0.0062084822
        0.0065214974
        0.0055907434
        0.0054891687
        0.0053875945
        0.0052860198
        0.0051927371
        0.0050994544
        0.0051305485
        0.0051616430
        0.0057959654
        0.0060281353
        0.0062603056
        0.0064924760
        0.0057089017
        0.0049253269
        0.0051865187
        0.0054477099
        0.0056311660
        0.0058664456
        0.0061017252
        0.0063370047
        0.0056280564
        0.0049191080
        0.0051554241
        0.0053917402
        0.0055036796
        0.0056985370
        0.0058933939
        0.0060882512
        0.0051554241
        0.0042225970
        0.0045335395
        0.0048444816
        0.0053513180
        0.0057275579
        0.0061037983
        0.0064800386
        0.0056902450
        0.0049004517
        0.0051637162
        0.0054269806
        0.0055067888
        0.0057089017
        0.0059110140
        0.0061131264
        0.0053264424
        0.0045397584
        0.0048019863
        0.0050642146
        0.0043656304
        0.0043075881
        0.0042495453
        0.0041915029
        0.0038370285
        0.0034825543
        0.0036007124
        0.0037188705
        0.0032835512
        0.0032172168
        0.0031508824
        0.0030845481
        0.0033830528
        0.0036815575
        0.0035820559
        0.0034825543
        0.0047511989
        0.0051077465
        0.0054642935
        0.0058208406
        0.0065142424
        0.0072076437
        0.0069765099
        0.0067453762
        0.0062468317
        0.0059265611
        0.0056062904
        0.0052860198
        0.0051492057
        0.0050123911
        0.0050579957
        0.0051036007
        0.0056560417
        0.0058705918
        0.0060851420
        0.0062996922
        0.0064551635
        0.0066106343
        0.0065588108
        0.0065069869
        0.0069837654
        0.0071081421
        0.0072325189
        0.0073568961
        0.0064054127
        0.0054539293
        0.0057710903
        0.0060882512
        0.0054663667
        0.0054705129
        0.0054746587
        0.0054788045
        0.0048351535
        0.0041915029
        0.0044060531
        0.0046206033
        0.0045957277
        0.0047304695
        0.0048652114
        0.0049999529
        0.0045211017
        0.0040422506
        0.0042018676
        0.0043614847
        0.0046299319
        0.0048258253
        0.0050217193
        0.0052176127
        0.0048444821
        0.0044713509
        0.0045957281
        0.0047201049
        0.0045957281
        0.0046371869
        0.0046786461
        0.0047201049
        0.0041355332
        0.0035509616
        0.0037458190
        0.0039406763
        0.0036162597
        0.0036380256
        0.0036597915
        0.0036815575
        0.0035540711
        0.0034265849
        0.0034690802
        0.0035115757
        0.0035602900
        0.0036048584
        0.0036494269
        0.0036939951
        0.0033519587
        0.0030099221
        0.0031239341
        0.0032379464
        0.0032493477
        0.0033291562
        0.0034089647
        0.0034887732
        0.0029477335
        0.0024066938
        0.0025870404
        0.0027673868
        0.0026772136
        0.0027673868
        0.0028575601
        0.0029477333
        0.0027642774
        0.0025808215
        0.0026419736
        0.0027031256
        0.0031809402
        0.0033809799
        0.0035810194
        0.0037810591
        0.0048382627
        0.0058954665
        0.0055430653
        0.0051906640
        0.0066230721
        0.0068656071
        0.0071081421
        0.0073506772
        0.0062685977
        0.0051865187
        0.0055472115
        0.0059079048
        0.0056995731
        0.0058705914
        0.0060416097
        0.0062126280
        0.0054477099
        0.0046827919
        0.0049377647
        0.0051927371
        0.0052455976
        0.0054331995
        0.0056208014
        0.0058084032
        0.0059203422
        0.0060322816
        0.0059949686
        0.0059576556
        0.0058612633
        0.0058042570
        0.0057472507
        0.0056902450
        0.0072884886
        0.0088867322
        0.0083539849
        0.0078212367
        0.0071454551
        0.0065650293
        0.0059846034
        0.0054041776
        0.0050683604
        0.0047325427
        0.0048444821
        0.0049564210
        0.0049812966
        0.0050642146
        0.0051471326
        0.0052300501
        0.0051989560
        0.0051678619
        0.0051782266
        0.0051885913
        0.0057213395
        0.0059058317
        0.0060903244
        0.0062748166
        0.0063028014
        0.0063307863
        0.0063214581
        0.0063121300
        0.0061535491
        0.0060944702
        0.0060353908
        0.0059763119
        0.0055036796
        0.0050310474
        0.0051885913
        0.0053461357
        0.0053730840
        0.0054870960
        0.0056011081
        0.0057151201
        0.0054974607
        0.0052798009
        0.0053523541
        0.0054249074
        0.0055285548
        0.0056114728
        0.0056943907
        0.0057773087
        0.0055751964
        0.0053730840
        0.0054404549
        0.0055078259
        0.0062841452
        0.0065878318
        0.0068915188
        0.0071952059
        0.0066666040
        0.0061380020
        0.0063142027
        0.0064904033
        0.0053046765
        0.0050269011
        0.0047491263
        0.0044713509
        0.0050154999
        0.0055596489
        0.0053782659
        0.0051968829
        0.0059732026
        0.0061110537
        0.0062489049
        0.0063867560
        0.0057897470
        0.0051927376
        0.0053917407
        0.0055907439
        0.0057026828
        0.0058726645
        0.0060426462
        0.0062126280
        0.0057089017
        0.0052051749
        0.0053730840
        0.0055409926
        0.0055689774
        0.0056902450
        0.0058115125
        0.0059327800
        0.0049595307
        0.0039862809
        0.0043106973
        0.0046351138
        0.0046610259
        0.0048859408
        0.0051108557
        0.0053357705
        0.0049564210
        0.0045770714
        0.0047035213
        0.0048299711
        0.0041728462
        0.0040381048
        0.0039033629
        0.0037686212
        0.0036971045
        0.0036255878
        0.0036494266
        0.0036732657
        0.0047605271
        0.0051388405
        0.0055171535
        0.0058954665
        0.0059265611
        0.0059576556
        0.0059472905
        0.0059369258
        0.0051958468
        0.0049419105
        0.0046879742
        0.0044340380
        0.0044495850
        0.0044651320
        0.0044599497
        0.0044547673
        0.0059047951
        0.0063846833
        0.0068645710
        0.0073444587
        0.0061348928
        0.0049253269
        0.0053285155
        0.0057317042
        0.0054383818
        0.0056094001
        0.0057804179
        0.0059514362
        0.0053606462
        0.0047698556
        0.0049667857
        0.0051637162
        0.0047885124
        0.0047947313
        0.0048009497
        0.0048071686
        0.0051150019
        0.0054228348
        0.0053202240
        0.0052176127
        0.0052735824
        0.0052238316
        0.0051740808
        0.0051243296
        0.0049222172
        0.0047201049
        0.0047874758
        0.0048548467
        0.0051492057
        0.0052922391
        0.0054352726
        0.0055783060
        0.0055783060
        0.0055783060
        0.0055783060
        0.0055783060
        0.0055596493
        0.0055534304
        0.0055472115
        0.0055409926
        0.0043531931
        0.0031653931
        0.0035613265
        0.0039572595
        0.0037686215
        0.0039696973
        0.0041707736
        0.0043718498
        0.0047076670
        0.0050434847
        0.0049315454
        0.0048196064
        0.0050434847
        0.0050434847
        0.0050434847
        0.0050434847
        0.0051616430
        0.0052798009
        0.0052404148
        0.0052010291
        0.0045677428
        0.0043303901
        0.0040930379
        0.0038556850
        0.0038836699
        0.0039116549
        0.0039023266
        0.0038929982
        0.0049595307
        0.0053088223
        0.0056581143
        0.0060074059
        0.0051460960
        0.0042847856
        0.0045718891
        0.0048589925
        0.0045553055
        0.0046454789
        0.0047356519
        0.0048258253
        0.0051802997
        0.0055347737
        0.0054166154
        0.0052984576
        0.0050932355
        0.0049460563
        0.0047988771
        0.0046516978
        0.0044713509
        0.0042910045
        0.0043511200
        0.0044112355
        0.0053077862
        0.0056467131
        0.0059856405
        0.0063245674
        0.0060167345
        0.0057089017
        0.0058115129
        0.0059141237
        0.0065888688
        0.0068821907
        0.0071755131
        0.0074688355
        0.0069433427
        0.0064178500
        0.0065930141
        0.0067681787
        0.0055534304
        0.0052652904
        0.0049771504
        0.0046890108
        0.0038183720
        0.0029477333
        0.0032379462
        0.0035281591
        0.0045615244
        0.0050994544
        0.0056373850
        0.0061753155
        0.0056902450
        0.0052051749
        0.0053668651
        0.0055285553
        0.0050932360
        0.0050559225
        0.0050186096
        0.0049812966
        0.0044651320
        0.0039489679
        0.0041210228
        0.0042930776
        0.0045024455
        0.0046869377
        0.0048714303
        0.0050559225
        0.0045055547
        0.0039551868
        0.0041386429
        0.0043220986
        0.0046765730
        0.0049170353
        0.0051574972
        0.0053979596
        0.0051118922
        0.0048258253
        0.0049211811
        0.0050165369
        0.0044744606
        0.0043573389
        0.0042402172
        0.0041230959
        0.0040173754
        0.0039116549
        0.0039468948
        0.0039821351
        0.0044962266
        0.0046910834
        0.0048859408
        0.0050807982
        0.0049035610
        0.0047263238
        0.0047854027
        0.0048444816
        0.0049906247
        0.0050787251
        0.0051668254
        0.0052549257
        0.0049533118
        0.0046516978
        0.0047522355
        0.0048527736
        0.0052362690
        0.0054311263
        0.0056259832
        0.0058208406
        0.0053668651
        0.0049128891
        0.0050642146
        0.0052155396
        0.0045646336
        0.0044485489
        0.0043324637
        0.0042163786
        0.0036971048
        0.0031778309
        0.0033509221
        0.0035240133
        0.0034234754
        0.0035053568
        0.0035872383
        0.0036691199
        0.0041541900
        0.0046392600
        0.0044775698
        0.0043158797
        0.0057306676
        0.0060944702
        0.0064582727
        0.0068220752
        0.0062157377
        0.0056094001
        0.0058115129
        0.0060136253
        0.0058550448
        0.0059369262
        0.0060188076
        0.0061006891
        0.0052611446
        0.0044216001
        0.0047014486
        0.0049812966
        0.0047947313
        0.0049191080
        0.0050434852
        0.0051678619
        0.0052455976
        0.0053233332
        0.0052974215
        0.0052715098
        0.0045521962
        0.0042951503
        0.0040381048
        0.0037810591
        0.0028233565
        0.0018656541
        0.0021848883
        0.0025041224
        0.0036069313
        0.0041873571
        0.0047677830
        0.0053482088
        0.0048786858
        0.0044091628
        0.0045656702
        0.0047221780
        0.0052922391
        0.0055865976
        0.0058809565
        0.0061753155
        0.0062001906
        0.0062250658
        0.0062167742
        0.0062084827
        0.0064924764
        0.0065816133
        0.0066707497
        0.0067598866
        0.0057897465
        0.0048196064
        0.0051429863
        0.0054663667
        0.0041821748
        0.0039696973
        0.0037572200
        0.0035447427
        0.0037810591
        0.0040173754
        0.0039386032
        0.0038598310
        0.0047325427
        0.0049709319
        0.0052093212
        0.0054477099
        0.0043842872
        0.0033208644
        0.0036753388
        0.0040298132
        0.0043189893
        0.0046516978
        0.0049844058
        0.0053171143
        0.0050963452
        0.0048755761
        0.0049491660
        0.0050227554
        0.0047076675
        0.0046516978
        0.0045957281
        0.0045397584
        0.0042568007
        0.0039738431
        0.0040681623
        0.0041624815
        0.0048911232
        0.0051968833
        0.0055026431
        0.0058084032
        0.0052735824
        0.0047387616
        0.0049170349
        0.0050953086
        0.0054539288
        0.0056923181
        0.0059307073
        0.0061690961
        0.0049346550
        0.0037002140
        0.0041116942
        0.0045231748
        0.0044931169
        0.0047574178
        0.0050217188
        0.0052860198
        0.0045428677
        0.0037997155
        0.0040474329
        0.0042951503
        0.0036877764
        0.0036504632
        0.0036131502
        0.0035758370
        0.0034234754
        0.0032711136
        0.0033219010
        0.0033726881
        0.0032742231
        0.0032752594
        0.0032762960
        0.0032773323
        0.0035820559
        0.0038867793
        0.0037852048
        0.0036836304
        0.0054166159
        0.0059265611
        0.0064365068
        0.0069464520
        0.0054414910
        0.0039365301
        0.0044381837
        0.0049398374
        0.0053264424
        0.0057897465
        0.0062530506
        0.0067163548
        0.0072947075
        0.0078730602
        0.0076802759
        0.0074874917
        0.0080036558
        0.0080471877
        0.0080907196
        0.0081342515
        0.0081746746
        0.0082150968
        0.0082016224
        0.0081881490
        0.0084172096
        0.0084845806
        0.0085519506
        0.0086193215
        0.0076647289
        0.0067101358
        0.0070283334
        0.0073465314
        0.0071019232
        0.0072325193
        0.0073631150
        0.0074937106
        0.0063712089
        0.0052487068
        0.0056228740
        0.0059970412
        0.0053264424
        0.0053523541
        0.0053782659
        0.0054041776
        0.0049408739
        0.0044775698
        0.0046320045
        0.0047864392
        0.0044526942
        0.0044444026
        0.0044361106
        0.0044278190
        0.0043127704
        0.0041977218
        0.0042360714
        0.0042744209
        0.0045148828
        0.0046206033
        0.0047263238
        0.0048320442
        0.0045242114
        0.0042163786
        0.0043189893
        0.0044216001
        0.0047667464
        0.0049502025
        0.0051336582
        0.0053171143
        0.0050030625
        0.0046890108
        0.0047936947
        0.0048983786
        0.0047263238
        0.0047387616
        0.0047511989
        0.0047636367
        0.0041168765
        0.0034701165
        0.0036857033
        0.0039012900
        0.0042288159
        0.0044817161
        0.0047346158
        0.0049875155
        0.0044713514
        0.0039551868
        0.0041272417
        0.0042992965
        0.0038929982
        0.0038722688
        0.0038515392
        0.0038308096
        0.0047729649
        0.0057151201
        0.0054010684
        0.0050870166
        0.0053419895
        0.0052176123
        0.0050932355
        0.0049688588
        0.0051989560
        0.0054290532
        0.0053523541
        0.0052756551
        0.0059358892
        0.0061048344
        0.0062737800
        0.0064427252
        0.0051771901
        0.0039116549
        0.0043334998
        0.0047553452
        0.0041728462
        0.0042599104
        0.0043469742
        0.0044340380
        0.0050434852
        0.0056529320
        0.0054497831
        0.0052466341
        0.0053108954
        0.0051968829
        0.0050828708
        0.0049688588
        0.0044278190
        0.0038867793
        0.0040671257
        0.0042474726
        0.0036442443
        0.0035633992
        0.0034825543
        0.0034017093
        0.0031747213
        0.0029477333
        0.0030233960
        0.0030990585
        0.0036877762
        0.0039344570
        0.0041811382
        0.0044278190
        0.0037686212
        0.0031094234
        0.0033291562
        0.0035488887
        0.0042225970
        0.0045936550
        0.0049647130
        0.0053357705
        0.0051585338
        0.0049812966
        0.0050403755
        0.0050994544
        0.0053450991
        0.0054663667
        0.0055876342
        0.0057089017
        0.0050528133
        0.0043967250
        0.0046154209
        0.0048341174
        0.0052673635
        0.0055575762
        0.0058477893
        0.0061380020
        0.0056560412
        0.0051740804
        0.0053347340
        0.0054953876
        0.0061317831
        0.0064510172
        0.0067702513
        0.0070894854
        0.0061286739
        0.0051678619
        0.0054881326
        0.0058084032
        0.0059110140
        0.0061587314
        0.0064064488
        0.0066541662
        0.0074284128
        0.0082026590
        0.0079445764
        0.0076864948
        0.0074563976
        0.0072076437
        0.0069588898
        0.0067101358
        0.0053450991
        0.0039800620
        0.0044350745
        0.0048900866
        0.0044651320
        0.0046268222
        0.0047885124
        0.0049502021
        0.0047543086
        0.0045584147
        0.0046237125
        0.0046890108
        0.0054632570
        0.0057648709
        0.0060664853
        0.0063680992
        0.0058519351
        0.0053357705
        0.0055078254
        0.0056798803
        0.0055254456
        0.0055886703
        0.0056518954
        0.0057151201
        0.0039365301
        0.0021579398
        0.0027508033
        0.0033436667
        0.0040080468
        0.0046247491
        0.0052414518
        0.0058581540
        0.0055005704
        0.0051429868
        0.0052621812
        0.0053813760
        0.0052207224
        0.0052466341
        0.0052725463
        0.0052984580
        0.0038836701
        0.0024688824
        0.0029404783
        0.0034120742
        0.0048662480
        0.0056653698
        0.0064644916
        0.0072636134
        0.0057990751
        0.0043345364
        0.0048227157
        0.0053108954
        0.0051678619
        0.0054456368
        0.0057234121
        0.0060011870
        0.0053233327
        0.0046454784
        0.0048714299
        0.0050973813
        0.0044309287
        0.0043594120
        0.0042878953
        0.0042163786
        0.0038463571
        0.0034763357
        0.0035996761
        0.0037230165
        0.0046081655
        0.0049854424
        0.0053627188
        0.0057399957
        0.0050310469
        0.0043220986
        0.0045584147
        0.0047947308
        0.0051118922
        0.0053751566
        0.0056384210
        0.0059016859
        0.0052549257
        0.0046081655
        0.0048237522
        0.0050393390
        0.0050932360
        0.0052549257
        0.0054166159
        0.0055783060
        0.0039831717
        0.0023880373
        0.0029197487
        0.0034514600
        0.0044526942
        0.0051409132
        0.0058291322
        0.0065173516
        0.0059016859
        0.0052860198
        0.0054912418
        0.0056964639
        0.0058830292
        0.0060820323
        0.0062810355
        0.0064800386
        0.0056933546
        0.0049066702
        0.0051688985
        0.0054311263
        0.0052487068
        0.0053627188
        0.0054767313
        0.0055907434
        0.0048196064
        0.0040484695
        0.0043055150
        0.0045625609
        0.0044122720
        0.0045335395
        0.0046548070
        0.0047760746
        0.0045646336
        0.0043531931
        0.0044236733
        0.0044941534
        0.0051834090
        0.0054601477
        0.0057368865
        0.0060136253
        0.0064147408
        0.0068158563
        0.0066821510
        0.0065484461
        0.0077549024
        0.0080679171
        0.0083809327
        0.0086939475
        0.0079849996
        0.0072760507
        0.0075123669
        0.0077486834
        0.0085260393
        0.0089427019
        0.0093593653
        0.0097760279
        0.0092380969
        0.0087001668
        0.0088794772
        0.0090587875
        0.0081964405
        0.0080285314
        0.0078606224
        0.0076927138
        0.0076305252
        0.0075683370
        0.0075890664
        0.0076097958
        0.0074128658
        0.0073610418
        0.0073092184
        0.0072573945
        0.0059545459
        0.0046516978
        0.0050859805
        0.0055202632
        0.0050403755
        0.0051699346
        0.0052994941
        0.0054290532
        0.0059079048
        0.0063867560
        0.0062271389
        0.0060675219
        0.0062095188
        0.0061504398
        0.0060913605
        0.0060322816
        0.0053108954
        0.0045895092
        0.0048299711
        0.0050704335
        0.0050807982
        0.0052445610
        0.0054083238
        0.0055720871
        0.0052300505
        0.0048880139
        0.0050020260
        0.0051160380
        0.0053917402
        0.0055596493
        0.0057275579
        0.0058954665
        0.0052113938
        0.0045273206
        0.0047553452
        0.0049833693
        0.0050341566
        0.0052031018
        0.0053720474
        0.0055409926
        0.0053046765
        0.0050683599
        0.0051471321
        0.0052259043
        0.0049191080
        0.0048693572
        0.0048196064
        0.0047698556
        0.0045926184
        0.0044153812
        0.0044744606
        0.0045335395
        0.0044589131
        0.0044734241
        0.0044879345
        0.0045024450
        0.0037188705
        0.0029352957
        0.0031964872
        0.0034576787
        0.0055751964
        0.0064551630
        0.0073351301
        0.0082150968
        0.0072200815
        0.0062250658
        0.0065567377
        0.0068884096
        0.0078139817
        0.0083436202
        0.0088732578
        0.0094028963
        0.0085415868
        0.0076802764
        0.0079673799
        0.0082544833
        0.0066790418
        0.0063452972
        0.0060115522
        0.0056778076
        0.0049066702
        0.0041355332
        0.0043925792
        0.0046496247
        0.0048164972
        0.0050434852
        0.0052704727
        0.0054974607
        0.0049906247
        0.0044837887
        0.0046527339
        0.0048216796
        0.0042972234
        0.0042350348
        0.0041728462
        0.0041106581
        0.0038090439
        0.0035074297
        0.0036079676
        0.0037085058
        0.0039800620
        0.0041376064
        0.0042951503
        0.0044526942
        0.0038214815
        0.0031902685
        0.0034006729
        0.0036110771
        0.0030285786
        0.0029746820
        0.0029207852
        0.0028668887
        0.0022512227
        0.0016355568
        0.0018407787
        0.0020460007
        0.0046983389
        0.0057192664
        0.0067401933
        0.0077611208
        0.0057275579
        0.0036939951
        0.0043718494
        0.0050497036
        0.0037468553
        0.0037644755
        0.0037820956
        0.0037997155
        0.0032928796
        0.0027860436
        0.0029549887
        0.0031239341
        0.0036597915
        0.0039510410
        0.0042422903
        0.0045335395
        0.0042754575
        0.0040173754
        0.0041034026
        0.0041894298
        0.0047854027
        0.0050414121
        0.0052974215
        0.0055534304
        0.0047169956
        0.0038805604
        0.0041593723
        0.0044381837
        0.0048040594
        0.0051118922
        0.0054197251
        0.0057275579
        0.0064831483
        0.0072387382
        0.0069868746
        0.0067350115
        0.0083923340
        0.0087768659
        0.0091613987
        0.0095459307
        0.0083114896
        0.0070770481
        0.0074885283
        0.0079000089
        0.0059358897
        0.0055555035
        0.0051751174
        0.0047947313
        0.0044868980
        0.0041790651
        0.0042816759
        0.0043842872
        0.0045148828
        0.0046268222
        0.0047387616
        0.0048507010
        0.0041635181
        0.0034763357
        0.0037053965
        0.0039344574
        0.0042225970
        0.0044713509
        0.0047201049
        0.0049688588
        0.0040080468
        0.0030472351
        0.0033675057
        0.0036877764
        0.0041883932
        0.0045687794
        0.0049491655
        0.0053295516
        0.0056125093
        0.0058954665
        0.0058011473
        0.0057068286
        0.0065577738
        0.0067785429
        0.0069993120
        0.0072200811
        0.0069340141
        0.0066479472
        0.0067433030
        0.0068386584
        0.0068873730
        0.0069671813
        0.0070469901
        0.0071267989
        0.0068345130
        0.0065422272
        0.0066396561
        0.0067370846
        0.0067723244
        0.0068490235
        0.0069257226
        0.0070024221
        0.0066199629
        0.0062375036
        0.0063649900
        0.0064924764
        0.0071920967
        0.0075102942
        0.0078284917
        0.0081466902
        0.0073258020
        0.0065049138
        0.0067785433
        0.0070521724
        0.0068220752
        0.0069277952
        0.0070335157
        0.0071392362
        0.0067163548
        0.0062934733
        0.0064344336
        0.0065753940
        0.0066852607
        0.0068158563
        0.0069464520
        0.0070770481
        0.0067350115
        0.0063929744
        0.0065069869
        0.0066209990
        0.0071920967
        0.0074584708
        0.0077248449
        0.0079912189
        0.0079010455
        0.0078108720
        0.0078409296
        0.0078709880
        0.0072605042
        0.0070770481
        0.0068935920
        0.0067101358
        0.0063805371
        0.0060509378
        0.0061608041
        0.0062706703
        0.0078388564
        0.0084348293
        0.0090308022
        0.0096267750
        0.0080316411
        0.0064365068
        0.0069682184
        0.0074999295
        0.0064613824
        0.0064696739
        0.0064779660
        0.0064862575
        0.0057089017
        0.0049315458
        0.0051906644
        0.0054497831
        0.0054352721
        0.0056031812
        0.0057710903
        0.0059389989
        0.0054570385
        0.0049750777
        0.0051357313
        0.0052963849
        0.0050714700
        0.0051036007
        0.0051357313
        0.0051678619
        0.0052891294
        0.0054103970
        0.0053699743
        0.0053295521
        0.0065453365
        0.0069236499
        0.0073019629
        0.0076802764
        0.0073413490
        0.0070024221
        0.0071153976
        0.0072283735
        0.0080876108
        0.0084493402
        0.0088110697
        0.0091727991
        0.0085695712
        0.0079663433
        0.0081674196
        0.0083684949
        0.0081404708
        0.0081985136
        0.0082565555
        0.0083145984
        0.0073009264
        0.0062872539
        0.0066251447
        0.0069630356
        0.0059172329
        0.0057938923
        0.0056705521
        0.0055472115
        0.0054290537
        0.0053108954
        0.0053502815
        0.0053896676
        0.0070770481
        0.0076657655
        0.0082544833
        0.0088432003
        0.0077486834
        0.0066541662
        0.0070190053
        0.0073838443
        0.0065577743
        0.0065256436
        0.0064935130
        0.0064613824
        0.0050652511
        0.0036691199
        0.0041344967
        0.0045998739
        0.0042443629
        0.0044361111
        0.0046278588
        0.0048196064
        0.0044806791
        0.0041417521
        0.0042547276
        0.0043677036
        0.0047574178
        0.0049626399
        0.0051678619
        0.0053730840
        0.0055378834
        0.0057026828
        0.0056477496
        0.0055928165
        0.0058768103
        0.0059348526
        0.0059928955
        0.0060509378
        0.0058643725
        0.0056778076
        0.0057399957
        0.0058021843
        0.0062406128
        0.0064282147
        0.0066158166
        0.0068034185
        0.0061877528
        0.0055720871
        0.0057773087
        0.0059825308
        0.0074097561
        0.0080223130
        0.0086348690
        0.0092474250
        0.0090515316
        0.0088556381
        0.0089209359
        0.0089862337
        0.0087747928
        0.0087478450
        0.0087208962
        0.0086939475
        0.0083519118
        0.0080098752
        0.0081238868
        0.0082378993
        0.0091448147
        0.0095231282
        0.0099014416
        0.0102797542
        0.0091696903
        0.0080596255
        0.0084296474
        0.0087996684
        0.0084669599
        0.0086027384
        0.0087385168
        0.0088742953
        0.0077984342
        0.0067225741
        0.0070811943
        0.0074398140
        0.0071610026
        0.0073071453
        0.0074532884
        0.0075994311
        0.0068438412
        0.0060882512
        0.0063401144
        0.0065919780
        0.0080098752
        0.0086504165
        0.0092909578
        0.0099314991
        0.0095521491
        0.0091727991
        0.0092992494
        0.0094256988
        0.0101553770
        0.0104829026
        0.0108104292
        0.0111379549
        0.0110415630
        0.0109451711
        0.0109773017
        0.0110094324
        0.0106497752
        0.0105513101
        0.0104528451
        0.0103543801
        0.0098848576
        0.0094153350
        0.0095718419
        0.0097283497
        0.0096485410
        0.0097262766
        0.0098040123
        0.0098817479
        0.0095210550
        0.0091603613
        0.0092805922
        0.0094008241
        0.0091727991
        0.0091769453
        0.0091810916
        0.0091852378
        0.0092349881
        0.0092847385
        0.0092681553
        0.0092515713
        0.0093966778
        0.0094339913
        0.0094713038
        0.0095086172
        0.0088805137
        0.0082524102
        0.0084617781
        0.0086711459
        0.0090266569
        0.0092847385
        0.0095428210
        0.0098009035
        0.0086877290
        0.0075745559
        0.0079456139
        0.0083166715
        0.0086535253
        0.0090131825
        0.0093728388
        0.0097324951
        0.0090048909
        0.0082772858
        0.0085198209
        0.0087623559
        0.0083332555
        0.0083519118
        0.0083705680
        0.0083892243
        0.0073195831
        0.0062499414
        0.0066064885
        0.0069630356
        0.0071050329
        0.0073900633
        0.0076750941
        0.0079601239
        0.0079383580
        0.0079165921
        0.0079238471
        0.0079311030
        0.0075838836
        0.0074729812
        0.0073620784
        0.0072511756
        0.0064955857
        0.0057399957
        0.0059918589
        0.0062437220
        0.0064613819
        0.0067018443
        0.0069423062
        0.0071827685
        0.0063929749
        0.0056031812
        0.0058664461
        0.0061297105
        0.0068065282
        0.0072076437
        0.0076087592
        0.0080098752
        0.0072480664
        0.0064862575
        0.0067401938
        0.0069941301
        0.0060042972
        0.0058436436
        0.0056829900
        0.0055223363
        0.0056746979
        0.0058270595
        0.0057762722
        0.0057254853
        0.0067536682
        0.0070625376
        0.0073714070
        0.0076802764
        0.0076398537
        0.0075994311
        0.0076129055
        0.0076263794
        0.0068656071
        0.0066209990
        0.0063763908
        0.0061317831
        0.0050901263
        0.0040484695
        0.0043956884
        0.0047429074
        0.0057897465
        0.0063701724
        0.0069505977
        0.0075310236
        0.0064240689
        0.0053171143
        0.0056860992
        0.0060550841
        0.0065919780
        0.0070169321
        0.0074418867
        0.0078668408
        0.0071734400
        0.0064800386
        0.0067111724
        0.0069423062
        0.0077642305
        0.0081922943
        0.0086203590
        0.0090484228
        0.0093749119
        0.0097014019
        0.0095925722
        0.0094837416
        0.0095708054
        0.0095272735
        0.0094837416
        0.0094402097
        0.0086193224
        0.0077984342
        0.0080720633
        0.0083456924
        0.0087499181
        0.0090670791
        0.0093842400
        0.0097014019
        0.0088338722
        0.0079663433
        0.0082555199
        0.0085446965
        0.0079445774
        0.0079373214
        0.0079300664
        0.0079228114
        0.0073320204
        0.0067412304
        0.0069381604
        0.0071350904
        0.0085353674
        0.0091334134
        0.0097314594
        0.0103295054
        0.0097076204
        0.0090857353
        0.0092930300
        0.0095003257
        0.0100620948
        0.0103875473
        0.0107130008
        0.0110384533
        0.0104383342
        0.0098382160
        0.0100382557
        0.0102382954
        0.0095179453
        0.0094111888
        0.0093044313
        0.0091976747
        0.0090328753
        0.0088680759
        0.0089230090
        0.0089779422
        0.0084856171
        0.0083581302
        0.0082306443
        0.0081031574
        0.0077642305
        0.0074253031
        0.0075382791
        0.0076512545
        0.0077020419
        0.0077942880
        0.0078865346
        0.0079787811
        0.0079787811
        0.0079787811
        0.0079787811
        0.0079787811
        0.0081591271
        0.0082192430
        0.0082793580
        0.0083394740
        0.0078139817
        0.0072884890
        0.0074636531
        0.0076388172
        0.0095272735
        0.0102735357
        0.0110197971
        0.0117660584
        0.0117100887
        0.0116541190
        0.0116727762
        0.0116914324
        0.0114302412
        0.0113556152
        0.0112809883
        0.0112063624
        0.0118686697
        0.0125309769
        0.0123102078
        0.0120894387
        0.0117069790
        0.0114323134
        0.0111576477
        0.0108829821
        0.0102455504
        0.0096081188
        0.0098205954
        0.0100330729
        0.0073662242
        0.0066189258
        0.0058716279
        0.0051243296
        0.0049719680
        0.0048196064
        0.0048703938
        0.0049211811
        0.0067847618
        0.0074398140
        0.0080948658
        0.0087499171
        0.0077082608
        0.0066666040
        0.0070138229
        0.0073610418
        0.0084856171
        0.0090919547
        0.0096982922
        0.0103046298
        0.0089427019
        0.0075807744
        0.0080347499
        0.0084887259
        0.0064458349
        0.0060675219
        0.0056892084
        0.0053108954
        0.0049408739
        0.0045708525
        0.0046941931
        0.0048175333
        0.0056342757
        0.0059887497
        0.0063432241
        0.0066976985
        0.0064085219
        0.0061193458
        0.0062157377
        0.0063121300
        0.0075621181
        0.0080430424
        0.0085239662
        0.0090048900
        0.0082057687
        0.0074066469
        0.0076730205
        0.0079393946
        0.0081404708
        0.0083850790
        0.0086296871
        0.0088742953
        0.0078264186
        0.0067785429
        0.0071278349
        0.0074771270
        0.0077113700
        0.0080223121
        0.0083332546
        0.0086441971
        0.0075807744
        0.0065173516
        0.0068718255
        0.0072263000
        0.0070677195
        0.0072511756
        0.0074346317
        0.0076180878
        0.0069029201
        0.0061877528
        0.0064261421
        0.0066645308
        0.0064800386
        0.0065774675
        0.0066748960
        0.0067723244
        0.0059296708
        0.0050870171
        0.0053679016
        0.0056487862
        0.0050341566
        0.0050165369
        0.0049989168
        0.0049812966
        0.0048102783
        0.0046392600
        0.0046962663
        0.0047532720
        0.0062903641
        0.0068407319
        0.0073910998
        0.0079414677
        0.0061255642
        0.0043096608
        0.0049149622
        0.0055202632
        0.0064178500
        0.0071205799
        0.0078233099
        0.0085260393
        0.0082337540
        0.0079414677
        0.0080388961
        0.0081363255
