        0.0000000000
        0.0000000000
      174.1628417969
      678.1976318359
      886.9756469727
      678.1976318359
      174.1628417969
        0.0000000000
        0.0000000000
        0.0000000000
      208.3971099854
      814.0618286133
     1064.9364013672
      814.0618286133
      208.3971099854
        0.0000000000
        0.0000000000
        0.0000000000
      198.0565643311
      776.3280029297
     1015.8558959961
      776.3280029297
      198.0565643311
        0.0000000000
        0.0000000000
        0.0000000000
      207.8334350586
      817.6889038086
     1070.2993164062
      817.6889038086
      207.8334350586
        0.0000000000
        0.0000000000
        0.0000000000
       97.1131515503
      383.6142883301
      502.2869567871
      383.6142883301
       97.1131515503
        0.0000000000
        0.0000000000
        0.0000000000
       46.5720100403
      184.7626800537
      242.0031433105
      184.7626800537
       46.5720100403
        0.0000000000
        0.0000000000
        0.0000000000
       26.5079956055
      105.6497497559
      138.4313354492
      105.6497497559
       26.5079956055
        0.0000000000
        0.0000000000
        0.0000000000
      186.1826782227
      745.7001342773
      977.4598388672
      745.7001342773
      186.1826782227
        0.0000000000
        0.0000000000
        0.0000000000
      188.3914337158
      758.4936523438
      994.6377563477
      758.4936523438
      188.3914337158
        0.0000000000
        0.0000000000
        0.0000000000
      139.6009368896
      565.1699218750
      741.4464111328
      565.1699218750
      139.6009368896
        0.0000000000
        0.0000000000
        0.0000000000
      176.7677917480
      719.8292846680
      944.7727050781
      719.8292846680
      176.7677917480
        0.0000000000
        0.0000000000
        0.0000000000
      130.1409301758
      533.2285766602
      700.1929931641
      533.2285766602
      130.1409301758
        0.0000000000
        0.0000000000
        0.0000000000
      107.6701126099
      444.0248718262
      583.3475341797
      444.0248718262
      107.6701126099
        0.0000000000
        0.0000000000
        0.0000000000
      141.8049163818
      588.7860107422
      773.9315795898
      588.7860107422
      141.8049163818
        0.0000000000
        0.0000000000
        0.0000000000
      164.8033447266
      689.1757202148
      906.3778076172
      689.1757202148
      164.8033447266
        0.0000000000
        0.0000000000
        0.0000000000
      128.3803558350
      540.8866577148
      711.7523803711
      540.8866577148
      128.3803558350
        0.0000000000
        0.0000000000
        0.0000000000
      188.0394592285
      798.4523925781
     1051.2937011719
      798.4523925781
      188.0394592285
        0.0000000000
        0.0000000000
        0.0000000000
      188.6242065430
      807.4971923828
     1063.8427734375
      807.4971923828
      188.6242065430
        0.0000000000
        0.0000000000
        0.0000000000
      185.7567901611
      802.0214233398
     1057.2866210938
      802.0214233398
      185.7567901611
        0.0000000000
        0.0000000000
        0.0000000000
      179.3493804932
      781.2607421875
     1030.5805664062
      781.2607421875
      179.3493804932
        0.0000000000
        0.0000000000
        0.0000000000
      182.6271514893
      802.9282226562
     1059.8653564453
      802.9282226562
      182.6271514893
        0.0000000000
        0.0000000000
        0.0000000000
       73.8619308472
      327.8772277832
      433.0938110352
      327.8772277832
       73.8619308472
        0.0000000000
        0.0000000000
        0.0000000000
       34.2709083557
      153.6607971191
      203.1136932373
      153.6607971191
       34.2709083557
        0.0000000000
        0.0000000000
        0.0000000000
        2.1278753281
        9.6405563354
       12.7524108887
        9.6405563354
        2.1278753281
        0.0000000000
        0.0000000000
        0.0000000000
       72.4245529175
      331.6928710938
      439.0853271484
      331.6928710938
       72.4245529175
        0.0000000000
        0.0000000000
        0.0000000000
      118.6342239380
      549.4587402344
      727.9121093750
      549.4587402344
      118.6342239380
        0.0000000000
        0.0000000000
        0.0000000000
      139.0055084229
      651.3541870117
      863.5759887695
      651.3541870117
      139.0055084229
        0.0000000000
        0.0000000000
        0.0000000000
      171.0756683350
      811.3794555664
     1076.6019287109
      811.3794555664
      171.0756683350
        0.0000000000
        0.0000000000
        0.0000000000
      168.4876708984
      809.1898803711
     1074.5773925781
      809.1898803711
      168.4876708984
        0.0000000000
        0.0000000000
        0.0000000000
      166.1673431396
      808.4934692383
     1074.5535888672
      808.4934692383
      166.1673431396
        0.0000000000
        0.0000000000
        0.0000000000
       94.2625961304
      464.8652648926
      618.3739013672
      464.8652648926
       94.2625961304
        0.0000000000
        0.0000000000
        0.0000000000
      143.1542663574
      715.9191284180
      953.1660766602
      715.9191284180
      143.1542663574
        0.0000000000
        0.0000000000
        0.0000000000
      144.9664764404
      735.5661010742
      980.2004394531
      735.5661010742
      144.9664764404
        0.0000000000
        0.0000000000
        0.0000000000
      127.2525482178
      655.4586791992
      874.2488403320
      655.4586791992
      127.2525482178
        0.0000000000
        0.0000000000
        0.0000000000
      116.7599182129
      610.8521118164
      815.5117797852
      610.8521118164
      116.7599182129
        0.0000000000
        0.0000000000
        0.0000000000
      101.5677032471
      540.0191650391
      721.6317138672
      540.0191650391
      101.5677032471
        0.0000000000
        0.0000000000
        0.0000000000
      131.4580078125
      710.7378540039
      950.6834106445
      710.7378540039
      131.4580078125
        0.0000000000
        0.0000000000
        0.0000000000
      131.1051483154
      721.2388305664
      965.6801757812
      721.2388305664
      131.1051483154
        0.0000000000
        0.0000000000
        0.0000000000
      136.3520965576
      763.7260131836
     1023.5927734375
      763.7260131836
      136.3520965576
        0.0000000000
        0.0000000000
        0.0000000000
      132.8340454102
      758.0420532227
     1017.0117187500
      758.0420532227
      132.8340454102
        0.0000000000
        0.0000000000
        0.0000000000
       33.4016036987
      194.3410339355
      261.0043334961
      194.3410339355
       33.4016036987
        0.0000000000
        0.0000000000
        0.0000000000
      111.6913833618
      663.0550537109
      891.4373779297
      663.0550537109
      111.6913833618
        0.0000000000
        0.0000000000
        0.0000000000
      127.3585205078
      772.0151977539
     1039.0407714844
      772.0151977539
      127.3585205078
        0.0000000000
        0.0000000000
        0.0000000000
      112.8627243042
      699.1470336914
      941.9938964844
      699.1470336914
      112.8627243042
        0.0000000000
        0.0000000000
        0.0000000000
       36.0709228516
      228.5420684814
      308.2662353516
      228.5420684814
       36.0709228516
        0.0000000000
        0.0000000000
        0.0000000000
       64.8723297119
      420.7755432129
      568.1954956055
      420.7755432129
       64.8723297119
        0.0000000000
        0.0000000000
        0.0000000000
       54.5488624573
      362.5535278320
      490.1332397461
      362.5535278320
       54.5488624573
        0.0000000000
        0.0000000000
        0.0000000000
       86.3041763306
      588.3712768555
      796.3342895508
      588.3712768555
       86.3041763306
        0.0000000000
        0.0000000000
        0.0000000000
       70.9210662842
      496.4697875977
      672.7378540039
      496.4697875977
       70.9210662842
        0.0000000000
        0.0000000000
        0.0000000000
       36.2531738281
      260.8890075684
      353.9362182617
      260.8890075684
       36.2531738281
        0.0000000000
        0.0000000000
        0.0000000000
       58.9651985168
      436.7419433594
      593.2221679688
      436.7419433594
       58.9651985168
        0.0000000000
        0.0000000000
        0.0000000000
       75.2989044189
      574.7788696289
      781.6702270508
      574.7788696289
       75.2989044189
        0.0000000000
        0.0000000000
        0.0000000000
       92.0497131348
      725.1399536133
      987.3745727539
      725.1399536133
       92.0497131348
        0.0000000000
        0.0000000000
        0.0000000000
       88.3215332031
      719.1226806641
      980.4090576172
      719.1226806641
       88.3215332031
        0.0000000000
        0.0000000000
        0.0000000000
       56.8601913452
      479.2724609375
      654.2413330078
      479.2724609375
       56.8601913452
        0.0000000000
        0.0000000000
        0.0000000000
       61.6426467896
      538.8297729492
      736.4871215820
      538.8297729492
       61.6426467896
        0.0000000000
        0.0000000000
        0.0000000000
       10.6759738922
       96.9611206055
      132.7015991211
       96.9611206055
       10.6759738922
        0.0000000000
        0.0000000000
        0.0000000000
       67.4640350342
      637.9407958984
      874.2400512695
      637.9407958984
       67.4640350342
        0.0000000000
        0.0000000000
        0.0000000000
       70.3771667480
      694.4503784180
      952.9500122070
      694.4503784180
       70.3771667480
        0.0000000000
        0.0000000000
        0.0000000000
       66.0707015991
      682.0270996094
      937.1645507812
      682.0270996094
       66.0707015991
        0.0000000000
        0.0000000000
        0.0000000000
       63.7574806213
      690.4038696289
      949.9692993164
      690.4038696289
       63.7574806213
        0.0000000000
        0.0000000000
        0.0000000000
       58.9426612854
      671.6007080078
      925.3720092773
      671.6007080078
       58.9426612854
        0.0000000000
        0.0000000000
        0.0000000000
       39.0409431458
      469.6767272949
      648.0518798828
      469.6767272949
       39.0409431458
        0.0000000000
        0.0000000000
        0.0000000000
       51.4692001343
      656.2960205078
      906.8234863281
      656.2960205078
       51.4692001343
        0.0000000000
        0.0000000000
        0.0000000000
       34.8936347961
      473.6696166992
      655.4166259766
      473.6696166992
       34.8936347961
        0.0000000000
        0.0000000000
        0.0000000000
       46.0943832397
      669.4754638672
      927.6883544922
      669.4754638672
       46.0943832397
        0.0000000000
        0.0000000000
        0.0000000000
       37.6249885559
      588.0896606445
      816.0996093750
      588.0896606445
       37.6249885559
        0.0000000000
        0.0000000000
        0.0000000000
       38.6072196960
      653.8387451172
      908.6759643555
      653.8387451172
       38.6072196960
        0.0000000000
        0.0000000000
        0.0000000000
       34.8726692200
      645.1036987305
      897.8696899414
      645.1036987305
       34.8726692200
        0.0000000000
        0.0000000000
        0.0000000000
       30.8742275238
      629.9630737305
      878.1137695312
      629.9630737305
       30.8742275238
        0.0000000000
        0.0000000000
        0.0000000000
       16.5497608185
      376.9596252441
      526.2462768555
      376.9596252441
       16.5497608185
        0.0000000000
        0.0000000000
        0.0000000000
       20.8683242798
      538.6984252930
      753.1906738281
      538.6984252930
       20.8683242798
        0.0000000000
        0.0000000000
        0.0000000000
       13.0972318649
      390.7881469727
      547.2328491211
      390.7881469727
       13.0972318649
        0.0000000000
        0.0000000000
        0.0000000000
        7.0973758698
      251.3887939453
      352.5776062012
      251.3887939453
        7.0973758698
        0.0000000000
        0.0000000000
        0.0000000000
        7.9421257973
      346.9456787109
      487.3655395508
      346.9456787109
        7.9421257973
        0.0000000000
        0.0000000000
        0.0000000000
        6.4630317688
      369.4958801270
      519.8690185547
      369.4958801270
        6.4630317688
        0.0000000000
        0.0000000000
        0.0000000000
        0.2069916427
       17.2029075623
       24.2428474426
       17.2029075623
        0.2069916427
        0.0000000000
        0.0000000000
        0.0000000000
        1.0242574215
      157.2370147705
      221.9424591064
      157.2370147705
        1.0242574215
        0.0000000000
        0.0000000000
        0.0000000000
        0.1743303835
      186.1292114258
      263.1542663574
      186.1292114258
        0.1743303835
        0.0000000000
        0.0000000000
        0.0000000000
        0.0000000000
      414.4196777344
      586.8847656250
      414.4196777344
        0.0000000000
        0.0000000000
        0.0000000000
        0.0000000000
        0.0000000000
      521.9349975586
      740.3751831055
      521.9349975586
        0.0000000000
        0.0000000000
        0.0000000000
        0.0000000000
        0.0000000000
      293.8706359863
      417.5619506836
      293.8706359863
        0.0000000000
        0.0000000000
        0.0000000000
        0.0000000000
        0.0000000000
      423.4136657715
      602.6499633789
      423.4136657715
        0.0000000000
        0.0000000000
        0.0000000000
        0.0000000000
        0.0000000000
      609.3173217773
      868.7315673828
      609.3173217773
        0.0000000000
        0.0000000000
        0.0000000000
        0.0000000000
        0.0000000000
      486.8553161621
      695.3285522461
      486.8553161621
        0.0000000000
        0.0000000000
        0.0000000000
        0.0000000000
        0.0000000000
      159.7947235107
      228.6160736084
      159.7947235107
        0.0000000000
        0.0000000000
        0.0000000000
        0.0000000000
        0.0000000000
      153.1671600342
      219.5181121826
      153.1671600342
        0.0000000000
        0.0000000000
        0.0000000000
        0.0000000000
        0.0000000000
      288.4096679688
      414.0768127441
      288.4096679688
        0.0000000000
        0.0000000000
        0.0000000000
        0.0000000000
        0.0000000000
      288.3038024902
      414.6617126465
      288.3038024902
        0.0000000000
        0.0000000000
        0.0000000000
        0.0000000000
        0.0000000000
      363.4769897461
      523.7197875977
      363.4769897461
        0.0000000000
        0.0000000000
        0.0000000000
        0.0000000000
        0.0000000000
      578.2343750000
      834.6614379883
      578.2343750000
        0.0000000000
        0.0000000000
        0.0000000000
        0.0000000000
        0.0000000000
      580.5926513672
      839.5917968750
      580.5926513672
        0.0000000000
        0.0000000000
        0.0000000000
        0.0000000000
        0.0000000000
      575.4327392578
      833.6566772461
      575.4327392578
        0.0000000000
        0.0000000000
        0.0000000000
        0.0000000000
        0.0000000000
      239.5095977783
      347.6300354004
      239.5095977783
        0.0000000000
        0.0000000000
        0.0000000000
        0.0000000000
        0.0000000000
      463.6797180176
      674.2482299805
      463.6797180176
        0.0000000000
        0.0000000000
        0.0000000000
        0.0000000000
        0.0000000000
      445.9855957031
      649.7337036133
      445.9855957031
        0.0000000000
        0.0000000000
        0.0000000000
        0.0000000000
        0.0000000000
      562.9805908203
      821.7244873047
      562.9805908203
        0.0000000000
        0.0000000000
        0.0000000000
        0.0000000000
        0.0000000000
      558.2846679688
      816.4171752930
      558.2846679688
        0.0000000000
        0.0000000000
        0.0000000000
        0.0000000000
        0.0000000000
      183.4001922607
      268.7107238770
      183.4001922607
        0.0000000000
        0.0000000000
        0.0000000000
        0.0000000000
        0.0000000000
      434.7736511230
      638.2374267578
      434.7736511230
        0.0000000000
        0.0000000000
        0.0000000000
        0.0000000000
        0.0000000000
      334.0695495605
      491.3543090820
      334.0695495605
        0.0000000000
        0.0000000000
        0.0000000000
        0.0000000000
        0.0000000000
      523.7859497070
      771.8898925781
      523.7859497070
        0.0000000000
        0.0000000000
        0.0000000000
        0.0000000000
        0.0000000000
      525.2735595703
      775.5955200195
      525.2735595703
        0.0000000000
        0.0000000000
        0.0000000000
        0.0000000000
        0.0000000000
      144.1809539795
      213.3095703125
      144.1809539795
        0.0000000000
        0.0000000000
        0.0000000000
        0.0000000000
        0.0000000000
      543.0694580078
      805.0352172852
      543.0694580078
        0.0000000000
        0.0000000000
        0.0000000000
        0.0000000000
        0.0000000000
      495.0626220703
      735.3273315430
      495.0626220703
        0.0000000000
        0.0000000000
        0.0000000000
        0.0000000000
        0.0000000000
      524.1273803711
      780.0500488281
      524.1273803711
        0.0000000000
        0.0000000000
        0.0000000000
        0.0000000000
        0.0000000000
      513.0731811523
      765.1272583008
      513.0731811523
        0.0000000000
        0.0000000000
        0.0000000000
        0.0000000000
        0.0000000000
      511.1281433105
      763.7589111328
      511.1281433105
        0.0000000000
        0.0000000000
        0.0000000000
        0.0000000000
        0.0000000000
      236.9891662598
      354.8382263184
      236.9891662598
        0.0000000000
        0.0000000000
        0.0000000000
        0.0000000000
        0.0000000000
      384.3866271973
      576.6981201172
      384.3866271973
        0.0000000000
        0.0000000000
        0.0000000000
        0.0000000000
        0.0000000000
      349.7836914062
      525.8487548828
      349.7836914062
        0.0000000000
        0.0000000000
        0.0000000000
        0.0000000000
        0.0000000000
      483.6979370117
      728.6500244141
      483.6979370117
        0.0000000000
        0.0000000000
        0.0000000000
        0.0000000000
        0.0000000000
      446.7409362793
      674.3510131836
      446.7409362793
        0.0000000000
        0.0000000000
        0.0000000000
        0.0000000000
        0.0000000000
      359.9129333496
      544.3961181641
      359.9129333496
        0.0000000000
        0.0000000000
        0.0000000000
        0.0000000000
        0.0000000000
      492.8447570801
      746.9928588867
      492.8447570801
        0.0000000000
        0.0000000000
        0.0000000000
        0.0000000000
        0.0000000000
      466.5535278320
      708.5942382812
      466.5535278320
        0.0000000000
        0.0000000000
        0.0000000000
        0.0000000000
        0.0000000000
      428.4972229004
      652.1307373047
      428.4972229004
        0.0000000000
        0.0000000000
        0.0000000000
        0.0000000000
        0.0000000000
      399.3036499023
      608.9487915039
      399.3036499023
        0.0000000000
        0.0000000000
        0.0000000000
        0.0000000000
        0.0000000000
      339.2775878906
      518.4697265625
      339.2775878906
        0.0000000000
        0.0000000000
        0.0000000000
        0.0000000000
        0.0000000000
      441.1840209961
      675.5822753906
      441.1840209961
        0.0000000000
        0.0000000000
        0.0000000000
        0.0000000000
        0.0000000000
      457.9417114258
      702.6804809570
      457.9417114258
        0.0000000000
        0.0000000000
        0.0000000000
        0.0000000000
        0.0000000000
      453.0117797852
      696.5383300781
      453.0117797852
        0.0000000000
        0.0000000000
        0.0000000000
        0.0000000000
        0.0000000000
      426.1285400391
      656.5412597656
      426.1285400391
        0.0000000000
        0.0000000000
        0.0000000000
        0.0000000000
        0.0000000000
      265.9836425781
      410.6386108398
      265.9836425781
        0.0000000000
        0.0000000000
        0.0000000000
        0.0000000000
        0.0000000000
      356.6601562500
      551.7468872070
      356.6601562500
        0.0000000000
        0.0000000000
        0.0000000000
        0.0000000000
        0.0000000000
      442.1112060547
      685.3206176758
      442.1112060547
        0.0000000000
        0.0000000000
        0.0000000000
        0.0000000000
        0.0000000000
      434.2761230469
      674.5297851562
      434.2761230469
        0.0000000000
        0.0000000000
        0.0000000000
        0.0000000000
        0.0000000000
      437.6713867188
      681.1638183594
      437.6713867188
        0.0000000000
        0.0000000000
        0.0000000000
        0.0000000000
        0.0000000000
      422.7709350586
      659.2824707031
      422.7709350586
        0.0000000000
        0.0000000000
        0.0000000000
        0.0000000000
        0.0000000000
      400.5502319336
      625.8647460938
      400.5502319336
        0.0000000000
        0.0000000000
        0.0000000000
        0.0000000000
        0.0000000000
      184.9828491211
      289.6046752930
      184.9828491211
        0.0000000000
        0.0000000000
        0.0000000000
        0.0000000000
        0.0000000000
      415.1459655762
      651.2058715820
      415.1459655762
        0.0000000000
        0.0000000000
        0.0000000000
        0.0000000000
        0.0000000000
      411.9863891602
      647.4942016602
      411.9863891602
        0.0000000000
        0.0000000000
        0.0000000000
        0.0000000000
        0.0000000000
      324.7074584961
      511.2958679199
      324.7074584961
        0.0000000000
        0.0000000000
        0.0000000000
        0.0000000000
        0.0000000000
      333.8242187500
      526.6421508789
      333.8242187500
        0.0000000000
        0.0000000000
        0.0000000000
        0.0000000000
        0.0000000000
      246.0367279053
      388.8709716797
      246.0367279053
        0.0000000000
        0.0000000000
        0.0000000000
        0.0000000000
        0.0000000000
      386.7786865234
      612.4423217773
      386.7786865234
        0.0000000000
        0.0000000000
        0.0000000000
        0.0000000000
        0.0000000000
      382.8216857910
      607.2741699219
      382.8216857910
        0.0000000000
        0.0000000000
        0.0000000000
        0.0000000000
        0.0000000000
      383.5626525879
      609.5340576172
      383.5626525879
        0.0000000000
        0.0000000000
        0.0000000000
        0.0000000000
        0.0000000000
      242.0156250000
      385.2702941895
      242.0156250000
        0.0000000000
        0.0000000000
        0.0000000000
        0.0000000000
        0.0000000000
      343.0090637207
      546.9837036133
      343.0090637207
        0.0000000000
        0.0000000000
        0.0000000000
        0.0000000000
        0.0000000000
      379.5061950684
      606.2054443359
      379.5061950684
        0.0000000000
        0.0000000000
        0.0000000000
        0.0000000000
        0.0000000000
      285.7662048340
      457.2235717773
      285.7662048340
        0.0000000000
        0.0000000000
        0.0000000000
        0.0000000000
        0.0000000000
      374.1850585938
      599.6597900391
      374.1850585938
        0.0000000000
        0.0000000000
        0.0000000000
        0.0000000000
        0.0000000000
      273.1637878418
      438.4553527832
      273.1637878418
        0.0000000000
        0.0000000000
        0.0000000000
        0.0000000000
        0.0000000000
      353.9927062988
      569.0660400391
      353.9927062988
        0.0000000000
        0.0000000000
        0.0000000000
        0.0000000000
        0.0000000000
      309.3402099609
      498.0264282227
      309.3402099609
        0.0000000000
        0.0000000000
        0.0000000000
        0.0000000000
        0.0000000000
      311.3814697266
      502.0386352539
      311.3814697266
        0.0000000000
        0.0000000000
        0.0000000000
        0.0000000000
        0.0000000000
      305.5995178223
      493.4070434570
      305.5995178223
        0.0000000000
        0.0000000000
        0.0000000000
        0.0000000000
        0.0000000000
      355.0903320312
      574.0887451172
      355.0903320312
        0.0000000000
        0.0000000000
        0.0000000000
        0.0000000000
        0.0000000000
      363.9018859863
      589.1019287109
      363.9018859863
        0.0000000000
        0.0000000000
        0.0000000000
        0.0000000000
        0.0000000000
      367.7593994141
      596.0924072266
      367.7593994141
        0.0000000000
        0.0000000000
        0.0000000000
        0.0000000000
        0.0000000000
      371.3561096191
      602.6442871094
      371.3561096191
        0.0000000000
        0.0000000000
        0.0000000000
        0.0000000000
        0.0000000000
      360.1007385254
      585.0479125977
      360.1007385254
        0.0000000000
        0.0000000000
        0.0000000000
        0.0000000000
        0.0000000000
      362.6579284668
      589.8439331055
      362.6579284668
        0.0000000000
        0.0000000000
        0.0000000000
        0.0000000000
        0.0000000000
      332.3934631348
      541.1776733398
      332.3934631348
        0.0000000000
        0.0000000000
        0.0000000000
        0.0000000000
        0.0000000000
      317.5057067871
      517.4408569336
      317.5057067871
        0.0000000000
        0.0000000000
        0.0000000000
        0.0000000000
        0.0000000000
      351.5848388672
      573.5018310547
      351.5848388672
        0.0000000000
        0.0000000000
        0.0000000000
        0.0000000000
        0.0000000000
      356.4930114746
      582.0018310547
      356.4930114746
        0.0000000000
        0.0000000000
        0.0000000000
        0.0000000000
        0.0000000000
      354.3724060059
      578.9945068359
      354.3724060059
        0.0000000000
        0.0000000000
        0.0000000000
        0.0000000000
        0.0000000000
      350.1720275879
      572.5446166992
      350.1720275879
        0.0000000000
        0.0000000000
        0.0000000000
        0.0000000000
        0.0000000000
      342.3305664062
      560.0908813477
      342.3305664062
        0.0000000000
        0.0000000000
        0.0000000000
        0.0000000000
        0.0000000000
      350.3719787598
      573.5856933594
      350.3719787598
        0.0000000000
        0.0000000000
        0.0000000000
        0.0000000000
        0.0000000000
      348.7845458984
      571.2854614258
      348.7845458984
        0.0000000000
        0.0000000000
        0.0000000000
        0.0000000000
        0.0000000000
      345.6388244629
      566.3904418945
      345.6388244629
        0.0000000000
        0.0000000000
        0.0000000000
        0.0000000000
        0.0000000000
      338.0723876953
      554.2053222656
      338.0723876953
        0.0000000000
        0.0000000000
        0.0000000000
        0.0000000000
        0.0000000000
      209.7567291260
      343.9651489258
      209.7567291260
        0.0000000000
        0.0000000000
        0.0000000000
        0.0000000000
        0.0000000000
      290.4220581055
      476.3600769043
      290.4220581055
        0.0000000000
        0.0000000000
        0.0000000000
        0.0000000000
        0.0000000000
      285.2100524902
      467.8939514160
      285.2100524902
        0.0000000000
        0.0000000000
        0.0000000000
        0.0000000000
        0.0000000000
       39.8142929077
       65.3232574463
       39.8142929077
        0.0000000000
        0.0000000000
        0.0000000000
        0.0000000000
        0.0000000000
      337.7691650391
      554.1973876953
      337.7691650391
        0.0000000000
        0.0000000000
        0.0000000000
        0.0000000000
        0.0000000000
      341.4140014648
      560.1582641602
      341.4140014648
        0.0000000000
        0.0000000000
        0.0000000000
        0.0000000000
        0.0000000000
      343.2407836914
      563.0963134766
      343.2407836914
        0.0000000000
        0.0000000000
        0.0000000000
        0.0000000000
        0.0000000000
      340.1266784668
      557.8896484375
      340.1266784668
        0.0000000000
        0.0000000000
        0.0000000000
        0.0000000000
        0.0000000000
      336.4953002930
      551.7979125977
      336.4953002930
        0.0000000000
        0.0000000000
        0.0000000000
        0.0000000000
        0.0000000000
      138.1957244873
      226.5472869873
      138.1957244873
        0.0000000000
        0.0000000000
        0.0000000000
        0.0000000000
        0.0000000000
      205.6132049561
      336.9367980957
      205.6132049561
        0.0000000000
        0.0000000000
        0.0000000000
        0.0000000000
        0.0000000000
      340.9754028320
      558.5009765625
      340.9754028320
        0.0000000000
        0.0000000000
        0.0000000000
        0.0000000000
        0.0000000000
      181.9535980225
      297.8760375977
      181.9535980225
        0.0000000000
        0.0000000000
        0.0000000000
        0.0000000000
        0.0000000000
      279.5910339355
      457.4495239258
      279.5910339355
        0.0000000000
        0.0000000000
        0.0000000000
        0.0000000000
        0.0000000000
      343.1416625977
      561.0604858398
      343.1416625977
        0.0000000000
        0.0000000000
        0.0000000000
        0.0000000000
        0.0000000000
      262.4587097168
      428.8301696777
      262.4587097168
        0.0000000000
        0.0000000000
        0.0000000000
        0.0000000000
        0.0000000000
      322.6394042969
      526.7470092773
      322.6394042969
        0.0000000000
        0.0000000000
        0.0000000000
        0.0000000000
        0.0000000000
      352.8856201172
      575.6409912109
      352.8856201172
        0.0000000000
        0.0000000000
        0.0000000000
        0.0000000000
        0.0000000000
      291.1975708008
      474.5826721191
      291.1975708008
        0.0000000000
        0.0000000000
        0.0000000000
        0.0000000000
        0.0000000000
      269.0914916992
      438.1314086914
      269.0914916992
        0.0000000000
        0.0000000000
        0.0000000000
        0.0000000000
        0.0000000000
      298.0447998047
      484.7756347656
      298.0447998047
        0.0000000000
        0.0000000000
        0.0000000000
        0.0000000000
        0.0000000000
      312.9366149902
      508.4468383789
      312.9366149902
        0.0000000000
        0.0000000000
        0.0000000000
        0.0000000000
        0.0000000000
      357.5418701172
      580.2589721680
      357.5418701172
        0.0000000000
        0.0000000000
        0.0000000000
        0.0000000000
        0.0000000000
      346.6452331543
      561.9043579102
      346.6452331543
        0.0000000000
        0.0000000000
        0.0000000000
        0.0000000000
        0.0000000000
      365.4630432129
      591.6707153320
      365.4630432129
        0.0000000000
        0.0000000000
        0.0000000000
        0.0000000000
        0.0000000000
      339.4447021484
      548.8365478516
      339.4447021484
        0.0000000000
        0.0000000000
        0.0000000000
        0.0000000000
        0.0000000000
      367.9154968262
      594.0706787109
      367.9154968262
        0.0000000000
        0.0000000000
        0.0000000000
        0.0000000000
        0.0000000000
      354.6689453125
      571.8849487305
      354.6689453125
        0.0000000000
        0.0000000000
        0.0000000000
        0.0000000000
        0.0000000000
      376.3687744141
      606.0029907227
      376.3687744141
        0.0000000000
        0.0000000000
        0.0000000000
        0.0000000000
        0.0000000000
      376.4229736328
      605.1929931641
      376.4229736328
        0.0000000000
        0.0000000000
        0.0000000000
        0.0000000000
        0.0000000000
      378.3027648926
      607.2894287109
      378.3027648926
        0.0000000000
        0.0000000000
        0.0000000000
        0.0000000000
        0.0000000000
      153.1687927246
      245.4976806641
      153.1687927246
        0.0000000000
        0.0000000000
        0.0000000000
        0.0000000000
        0.0000000000
      294.3747558594
      471.0661621094
      294.3747558594
        0.0000000000
        0.0000000000
        0.0000000000
        0.0000000000
        0.0000000000
      383.9385681152
      613.3826293945
      383.9385681152
        0.0000000000
        0.0000000000
        0.0000000000
        0.0000000000
        0.0000000000
      388.9474792480
      620.3460083008
      388.9474792480
        0.0000000000
        0.0000000000
        0.0000000000
        0.0000000000
        0.0000000000
      382.2074890137
      608.5568847656
      382.2074890137
        0.0000000000
        0.0000000000
        0.0000000000
        0.0000000000
        0.0000000000
      390.6074829102
      620.8518676758
      390.6074829102
        0.0000000000
        0.0000000000
        0.0000000000
        0.0000000000
        0.0000000000
      390.6507263184
      619.8245239258
      390.6507263184
        0.0000000000
        0.0000000000
        0.0000000000
        0.0000000000
        0.0000000000
      398.2648010254
      630.7723999023
      398.2648010254
        0.0000000000
        0.0000000000
        0.0000000000
        0.0000000000
        0.0000000000
      312.3740844727
      493.8387756348
      312.3740844727
        0.0000000000
        0.0000000000
        0.0000000000
        0.0000000000
        0.0000000000
      358.6348876953
      565.9286499023
      358.6348876953
        0.0000000000
        0.0000000000
        0.0000000000
        0.0000000000
        0.0000000000
      391.8390502930
      617.1716918945
      391.8390502930
        0.0000000000
        0.0000000000
        0.0000000000
        0.0000000000
        0.0000000000
      402.5775146484
      632.8895263672
      402.5775146484
        0.0000000000
        0.0000000000
        0.0000000000
        0.0000000000
        0.0000000000
      268.5754089355
      421.4211425781
      268.5754089355
        0.0000000000
        0.0000000000
        0.0000000000
        0.0000000000
        0.0000000000
      406.2799682617
      636.2672119141
      406.2799682617
        0.0000000000
        0.0000000000
        0.0000000000
        0.0000000000
        0.0000000000
      420.1441650391
      656.7037353516
      420.1441650391
        0.0000000000
        0.0000000000
        0.0000000000
        0.0000000000
        0.0000000000
      423.0305175781
      659.9234008789
      423.0305175781
        0.0000000000
        0.0000000000
        0.0000000000
        0.0000000000
        0.0000000000
      425.9121704102
      663.1118774414
      425.9121704102
        0.0000000000
        0.0000000000
        0.0000000000
        0.0000000000
        0.0000000000
      404.7496032715
      628.9165039062
      404.7496032715
        0.0000000000
        0.0000000000
        0.0000000000
        0.0000000000
        0.0000000000
      289.2543945312
      448.5613403320
      289.2543945312
        0.0000000000
        0.0000000000
        0.0000000000
        0.0000000000
        0.0000000000
      440.2752685547
      681.3927612305
      440.2752685547
        0.0000000000
        0.0000000000
        0.0000000000
        0.0000000000
        0.0000000000
      421.9718322754
      651.7554321289
      421.9718322754
        0.0000000000
        0.0000000000
        0.0000000000
        0.0000000000
        0.0000000000
      401.8354797363
      619.4047851562
      401.8354797363
        0.0000000000
        0.0000000000
        0.0000000000
        0.0000000000
        0.0000000000
      448.3163146973
      689.6577148438
      448.3163146973
        0.0000000000
        0.0000000000
        0.0000000000
        0.0000000000
        0.0000000000
      368.0847778320
      565.0903320312
      368.0847778320
        0.0000000000
        0.0000000000
        0.0000000000
        0.0000000000
        0.0000000000
      304.8396606445
      467.0475158691
      304.8396606445
        0.0000000000
        0.0000000000
        0.0000000000
        0.0000000000
        0.0000000000
      450.8159790039
      689.2988281250
      450.8159790039
        0.0000000000
        0.0000000000
        0.0000000000
        0.0000000000
        0.0000000000
      472.7037353516
      721.2992553711
      472.7037353516
        0.0000000000
        0.0000000000
        0.0000000000
        0.0000000000
        0.0000000000
      473.9505310059
      721.7348022461
      473.9505310059
        0.0000000000
        0.0000000000
        0.0000000000
        0.0000000000
        0.0000000000
      472.0573120117
      717.3942260742
      472.0573120117
        0.0000000000
        0.0000000000
        0.0000000000
        0.0000000000
        0.0000000000
      315.3530883789
      478.2770385742
      315.3530883789
        0.0000000000
        0.0000000000
        0.0000000000
        0.0000000000
        0.0000000000
       71.5168685913
      108.2458648682
       71.5168685913
        0.0000000000
        0.0000000000
        0.0000000000
        0.0000000000
        0.0000000000
      238.5205688477
      360.2885742188
      238.5205688477
        0.0000000000
        0.0000000000
        0.0000000000
        0.0000000000
        0.0000000000
      270.3055419922
      407.4770812988
      270.3055419922
        0.0000000000
        0.0000000000
        0.0000000000
        0.0000000000
        0.0000000000
      360.2453308105
      541.9663696289
      360.2453308105
        0.0000000000
        0.0000000000
        0.0000000000
        0.0000000000
        0.0000000000
      500.4757690430
      751.4241333008
      500.4757690430
        0.0000000000
        0.0000000000
        0.0000000000
        0.0000000000
        0.0000000000
      504.0077819824
      755.2141723633
      504.0077819824
        0.0000000000
        0.0000000000
        0.0000000000
        0.0000000000
        0.0000000000
      380.0617370605
      568.3564453125
      380.0617370605
        0.0000000000
        0.0000000000
        0.0000000000
        0.0000000000
        0.0000000000
      508.4393310547
      758.8268432617
      508.4393310547
        0.0000000000
        0.0000000000
        0.0000000000
        0.0000000000
        0.0000000000
      473.6472167969
      705.5029907227
      473.6472167969
        0.0000000000
        0.0000000000
        0.0000000000
        0.0000000000
        0.0000000000
      535.7579956055
      796.4463500977
      535.7579956055
        0.0000000000
        0.0000000000
        0.0000000000
        0.0000000000
        0.0000000000
      228.3501739502
      338.7950439453
      228.3501739502
        0.0000000000
        0.0000000000
        0.0000000000
        0.0000000000
        0.0000000000
      529.1765136719
      783.5887451172
      529.1765136719
        0.0000000000
        0.0000000000
        0.0000000000
        0.0000000000
        0.0000000000
      315.1105957031
      465.7005004883
      315.1105957031
        0.0000000000
        0.0000000000
        0.0000000000
        0.0000000000
        0.0000000000
      462.4880676270
      682.1890869141
      462.4880676270
        0.0000000000
        0.0000000000
        0.0000000000
        0.0000000000
        0.0000000000
      546.0498046875
      803.8991699219
      546.0498046875
        0.0000000000
        0.0000000000
        0.0000000000
        0.0000000000
        0.0000000000
      548.4461059570
      805.8850097656
      548.4461059570
        0.0000000000
        0.0000000000
        0.0000000000
        0.0000000000
        0.0000000000
      532.6455078125
      781.1817016602
      532.6455078125
        0.0000000000
        0.0000000000
        0.0000000000
        0.0000000000
        0.0000000000
      533.7325439453
      781.2986450195
      533.7325439453
        0.0000000000
        0.0000000000
        0.0000000000
        0.0000000000
        0.0000000000
      353.8585510254
      517.0206298828
      353.8585510254
        0.0000000000
        0.0000000000
        0.0000000000
        0.0000000000
        0.0000000000
      533.5480957031
      778.1111450195
      533.5480957031
        0.0000000000
        0.0000000000
        0.0000000000
        0.0000000000
        0.0000000000
      519.0496215820
      755.5656127930
      519.0496215820
        0.0000000000
        0.0000000000
        0.0000000000
        0.0000000000
        0.0000000000
      103.1931762695
      149.9391021729
      103.1931762695
        0.0000000000
        0.0000000000
        0.0000000000
        0.0000000000
        0.0000000000
      526.8733520508
      764.1459350586
      526.8733520508
        0.0000000000
        0.0000000000
        0.0000000000
        0.0000000000
        0.0000000000
      498.3905639648
      721.5253295898
      498.3905639648
        0.0000000000
        0.0000000000
        0.0000000000
        0.0000000000
        0.0000000000
      565.7272949219
      817.5347290039
      565.7272949219
        0.0000000000
        0.0000000000
        0.0000000000
        0.0000000000
        0.0000000000
      572.6946411133
      826.1240234375
      572.6946411133
        0.0000000000
        0.0000000000
        0.0000000000
        0.0000000000
        0.0000000000
      560.7667236328
      807.4825439453
      560.7667236328
        0.0000000000
        0.0000000000
        0.0000000000
        0.0000000000
        0.0000000000
      578.3162841797
      831.2870483398
      578.3162841797
        0.0000000000
        0.0000000000
        0.0000000000
        0.0000000000
        0.0000000000
      450.1108398438
      645.8706665039
      450.1108398438
        0.0000000000
        0.0000000000
        0.0000000000
        0.0000000000
        0.0000000000
      581.3184814453
      832.6963500977
      581.3184814453
        0.0000000000
        0.0000000000
        0.0000000000
        0.0000000000
        0.0000000000
      481.3714599609
      688.3435668945
      481.3714599609
        0.0000000000
        0.0000000000
        0.0000000000
        0.0000000000
        0.0000000000
      588.4171142578
      839.9793701172
      588.4171142578
        0.0000000000
        0.0000000000
        0.0000000000
        0.0000000000
        0.0000000000
      597.1079101562
      850.9432373047
      597.1079101562
        0.0000000000
        0.0000000000
        0.0000000000
        0.0000000000
        0.0000000000
      607.8442382812
      864.7897949219
      607.8442382812
        0.0000000000
        0.0000000000
        0.0000000000
        0.0000000000
        0.0000000000
      594.8704223633
      844.9230957031
      594.8704223633
        0.0000000000
        0.0000000000
        0.0000000000
        0.0000000000
        0.0000000000
      600.4365844727
      851.4216308594
      600.4365844727
        0.0000000000
        0.0000000000
        0.0000000000
        0.0000000000
        0.0000000000
      537.8294067383
      761.3967285156
      537.8294067383
        0.0000000000
        0.0000000000
        0.0000000000
        0.0000000000
        1.0940986872
      549.0680541992
      776.0462646484
      549.0680541992
        1.0940986872
        0.0000000000
        0.0000000000
        0.0000000000
        4.5282235146
      605.5014038086
      854.4326171875
      605.5014038086
        4.5282235146
        0.0000000000
        0.0000000000
        0.0000000000
        5.6497297287
      437.7307128906
      616.7045288086
      437.7307128906
        5.6497297287
        0.0000000000
        0.0000000000
        0.0000000000
       11.1236686707
      608.5845336914
      856.0609741211
      608.5845336914
       11.1236686707
        0.0000000000
        0.0000000000
        0.0000000000
        8.8558197021
      375.3768920898
      527.1948852539
      375.3768920898
        8.8558197021
        0.0000000000
        0.0000000000
        0.0000000000
       18.1993637085
      630.8577880859
      884.6292114258
      630.8577880859
       18.1993637085
        0.0000000000
        0.0000000000
        0.0000000000
       21.6835403442
      636.8438720703
      891.6516113281
      636.8438720703
       21.6835403442
        0.0000000000
        0.0000000000
        0.0000000000
       25.2531166077
      644.3526611328
      900.7920532227
      644.3526611328
       25.2531166077
        0.0000000000
        0.0000000000
        0.0000000000
       29.0208339691
      655.4268188477
      914.8927001953
      655.4268188477
       29.0208339691
        0.0000000000
        0.0000000000
        0.0000000000
       32.1064949036
      651.1483154297
      907.5638427734
      651.1483154297
       32.1064949036
        0.0000000000
        0.0000000000
        0.0000000000
       35.2235717773
      648.9143066406
      903.1132812500
      648.9143066406
       35.2235717773
        0.0000000000
        0.0000000000
        0.0000000000
       38.4481048584
      649.4863281250
      902.5866088867
      649.4863281250
       38.4481048584
        0.0000000000
        0.0000000000
        0.0000000000
       39.0112457275
      608.9947509766
      845.0895996094
      608.9947509766
       39.0112457275
        0.0000000000
        0.0000000000
        0.0000000000
       42.7501068115
      620.7991943359
      860.2349853516
      620.7991943359
       42.7501068115
        0.0000000000
        0.0000000000
        0.0000000000
       22.5328865051
      306.1051635742
      423.5646667480
      306.1051635742
       22.5328865051
        0.0000000000
        0.0000000000
        0.0000000000
       52.0094223022
      664.1969604492
      917.7733764648
      664.1969604492
       52.0094223022
        0.0000000000
        0.0000000000
        0.0000000000
       55.6612739563
      671.0948486328
      926.0157470703
      671.0948486328
       55.6612739563
        0.0000000000
        0.0000000000
        0.0000000000
       58.4040107727
      667.3067016602
      919.5223999023
      667.3067016602
       58.4040107727
        0.0000000000
        0.0000000000
        0.0000000000
       63.4593925476
      689.4218139648
      948.7039184570
      689.4218139648
       63.4593925476
        0.0000000000
        0.0000000000
        0.0000000000
       41.5117378235
      430.0982666016
      591.0560302734
      430.0982666016
       41.5117378235
        0.0000000000
        0.0000000000
        0.0000000000
       49.3668403625
      489.1155090332
      671.2653808594
      489.1155090332
       49.3668403625
        0.0000000000
        0.0000000000
        0.0000000000
       67.1735916138
      637.9913330078
      874.4317626953
      637.9913330078
       67.1735916138
        0.0000000000
        0.0000000000
        0.0000000000
       76.9424743652
      702.0814208984
      961.0224609375
      702.0814208984
       76.9424743652
        0.0000000000
        0.0000000000
        0.0000000000
       77.9065246582
      684.3563842773
      935.5561523438
      684.3563842773
       77.9065246582
        0.0000000000
        0.0000000000
        0.0000000000
       11.3687133789
       96.3199996948
      131.5079803467
       96.3199996948
       11.3687133789
        0.0000000000
        0.0000000000
        0.0000000000
       47.1566352844
      386.0028076172
      526.3574829102
      386.0028076172
       47.1566352844
        0.0000000000
        0.0000000000
        0.0000000000
       89.6143722534
      709.8348999023
      966.7386474609
      709.8348999023
       89.6143722534
        0.0000000000
        0.0000000000
        0.0000000000
       94.0119018555
      721.6626586914
      981.6441040039
      721.6626586914
       94.0119018555
        0.0000000000
        0.0000000000
        0.0000000000
       97.5137786865
      726.4141235352
      986.9131469727
      726.4141235352
       97.5137786865
        0.0000000000
        0.0000000000
        0.0000000000
       99.4804000854
      720.0756835938
      977.1347045898
      720.0756835938
       99.4804000854
        0.0000000000
        0.0000000000
        0.0000000000
       51.1439819336
      360.1448669434
      488.1372375488
      360.1448669434
       51.1439819336
        0.0000000000
        0.0000000000
        0.0000000000
       78.3616256714
      537.4224243164
      727.5715942383
      537.4224243164
       78.3616256714
        0.0000000000
        0.0000000000
        0.0000000000
       91.2125320435
      609.8947753906
      824.7399902344
      609.8947753906
       91.2125320435
        0.0000000000
        0.0000000000
        0.0000000000
      106.3981094360
      694.3117065430
      937.8335571289
      694.3117065430
      106.3981094360
        0.0000000000
        0.0000000000
        0.0000000000
      105.8070373535
      674.4712524414
      910.0197143555
      674.4712524414
      105.8070373535
        0.0000000000
        0.0000000000
        0.0000000000
        7.4022555351
       46.1346855164
       62.1781845093
       46.1346855164
        7.4022555351
        0.0000000000
        0.0000000000
        0.0000000000
       80.7243041992
      492.3214111328
      662.8105468750
      492.3214111328
       80.7243041992
        0.0000000000
        0.0000000000
        0.0000000000
      123.3198394775
      736.5570068359
      990.5681762695
      736.5570068359
      123.3198394775
        0.0000000000
        0.0000000000
        0.0000000000
      113.7244033813
      665.7135009766
      894.3548583984
      665.7135009766
      113.7244033813
        0.0000000000
        0.0000000000
        0.0000000000
      130.3660888672
      748.4701538086
     1004.4972534180
      748.4701538086
      130.3660888672
        0.0000000000
        0.0000000000
        0.0000000000
      134.5031280518
      757.9143066406
     1016.1396484375
      757.9143066406
      134.5031280518
        0.0000000000
        0.0000000000
        0.0000000000
      136.0846862793
      753.1187744141
     1008.7026367188
      753.1187744141
      136.0846862793
        0.0000000000
        0.0000000000
        0.0000000000
      136.6761932373
      743.3443603516
      994.6345214844
      743.3443603516
      136.6761932373
        0.0000000000
        0.0000000000
        0.0000000000
      139.7760162354
      747.5462646484
      999.2929687500
      747.5462646484
      139.7760162354
        0.0000000000
        0.0000000000
        0.0000000000
      142.3366088867
      749.0059204102
     1000.2966308594
      749.0059204102
      142.3366088867
        0.0000000000
        0.0000000000
        0.0000000000
      142.0753479004
      736.0307617188
      982.0551147461
      736.0307617188
      142.0753479004
        0.0000000000
        0.0000000000
        0.0000000000
      146.0847320557
      745.4644775391
      993.7357177734
      745.4644775391
      146.0847320557
        0.0000000000
        0.0000000000
        0.0000000000
      152.3267822266
      766.0751953125
     1020.2981567383
      766.0751953125
      152.3267822266
        0.0000000000
        0.0000000000
        0.0000000000
      152.1236877441
      754.3715820312
     1003.8308715820
      754.3715820312
      152.1236877441
        0.0000000000
        0.0000000000
        0.0000000000
      155.3659667969
      760.0652465820
     1010.5398559570
      760.0652465820
      155.3659667969
        0.0000000000
        0.0000000000
        0.0000000000
      159.6201629639
      770.7182617188
     1023.8433837891
      770.7182617188
      159.6201629639
        0.0000000000
        0.0000000000
        0.0000000000
      135.7540588379
      647.2526245117
      859.1222534180
      647.2526245117
      135.7540588379
        0.0000000000
        0.0000000000
        0.0000000000
       59.2234268188
      278.9471130371
      369.9596557617
      278.9471130371
       59.2234268188
        0.0000000000
        0.0000000000
        0.0000000000
       59.8318176270
      278.5202636719
      369.1039733887
      278.5202636719
       59.8318176270
        0.0000000000
        0.0000000000
        0.0000000000
      121.6492614746
      559.9045410156
      741.4358520508
      559.9045410156
      121.6492614746
        0.0000000000
        0.0000000000
        0.0000000000
      131.7609405518
      599.8602905273
      793.7533569336
      599.8602905273
      131.7609405518
        0.0000000000
        0.0000000000
        0.0000000000
      156.8235931396
      706.4934692383
      934.1741943359
      706.4934692383
      156.8235931396
        0.0000000000
        0.0000000000
        0.0000000000
       91.8712768555
      409.7133789062
      541.3679199219
      409.7133789062
       91.8712768555
        0.0000000000
        0.0000000000
        0.0000000000
       14.6423110962
       64.6666030884
       85.3873443604
       64.6666030884
       14.6423110962
        0.0000000000
        0.0000000000
        0.0000000000
       34.2227439880
      149.7331542969
      197.5791473389
      149.7331542969
       34.2227439880
        0.0000000000
        0.0000000000
        0.0000000000
       57.4832725525
      249.2508392334
      328.6835632324
      249.2508392334
       57.4832725525
        0.0000000000
        0.0000000000
        0.0000000000
      130.5171051025
      561.0616455078
      739.3990478516
      561.0616455078
      130.5171051025
        0.0000000000
        0.0000000000
        0.0000000000
      181.8470306396
      775.2655029297
     1021.0674438477
      775.2655029297
      181.8470306396
        0.0000000000
        0.0000000000
        0.0000000000
      187.8573455811
      794.5545043945
     1045.8566894531
      794.5545043945
      187.8573455811
        0.0000000000
        0.0000000000
        0.0000000000
      187.8472290039
      788.4954223633
     1037.2921142578
      788.4954223633
      187.8472290039
        0.0000000000
        0.0000000000
        0.0000000000
      190.6000213623
      794.2575073242
     1044.3005371094
      794.2575073242
      190.6000213623
        0.0000000000
        0.0000000000
        0.0000000000
      187.2036895752
      774.7106933594
     1018.0640869141
      774.7106933594
      187.2036895752
        0.0000000000
        0.0000000000
        0.0000000000
      194.5748748779
      799.9067382812
     1050.6434326172
      799.9067382812
      194.5748748779
        0.0000000000
        0.0000000000
        0.0000000000
      195.2365570068
      797.5901489258
     1047.0932617188
      797.5901489258
      195.2365570068
        0.0000000000
        0.0000000000
        0.0000000000
      195.5992126465
      794.3073730469
     1042.3004150391
      794.3073730469
      195.5992126465
        0.0000000000
        0.0000000000
        0.0000000000
      201.4926147461
      813.6140747070
     1067.1630859375
      813.6140747070
      201.4926147461
        0.0000000000
        0.0000000000
        0.0000000000
      141.0642852783
      566.5621948242
      742.8092041016
      566.5621948242
      141.0642852783
        0.0000000000
        0.0000000000
        0.0000000000
      206.3942413330
      824.7668457031
     1080.9051513672
      824.7668457031
      206.3942413330
        0.0000000000
        0.0000000000
        0.0000000000
      202.8689270020
      806.8312988281
     1057.0006103516
      806.8312988281
      202.8689270020
        0.0000000000
        0.0000000000
        0.0000000000
      204.1414794922
      808.2788085938
     1058.5207519531
      808.2788085938
      204.1414794922
        0.0000000000
        0.0000000000
        0.0000000000
      174.6778564453
      688.7451171875
      901.6787719727
      688.7451171875
      174.6778564453
        0.0000000000
        0.0000000000
        0.0000000000
      153.2355957031
      601.8634643555
      787.6911621094
      601.8634643555
      153.2355957031
        0.0000000000
        0.0000000000
        0.0000000000
      200.2172393799
      783.5798950195
     1025.2165527344
      783.5798950195
      200.2172393799
        0.0000000000
        0.0000000000
        0.0000000000
      154.4006958008
      602.2815551758
      787.7998657227
      602.2815551758
      154.4006958008
        0.0000000000
        0.0000000000
        0.0000000000
      165.2109985352
      642.5129394531
      840.2178344727
      642.5129394531
      165.2109985352
        0.0000000000
        0.0000000000
        0.0000000000
      199.8750915527
      775.2068481445
     1013.5170898438
      775.2068481445
      199.8750915527
        0.0000000000
        0.0000000000
        0.0000000000
      175.6882171631
      679.7360229492
      888.5194702148
      679.7360229492
      175.6882171631
        0.0000000000
        0.0000000000
        0.0000000000
      198.9521179199
      768.0811157227
     1003.8220825195
      768.0811157227
      198.9521179199
        0.0000000000
        0.0000000000
        0.0000000000
      191.8737945557
      739.3612670898
      966.1380615234
      739.3612670898
      191.8737945557
        0.0000000000
        0.0000000000
        0.0000000000
       54.0124931335
      207.7968444824
      271.4963989258
      207.7968444824
       54.0124931335
        0.0000000000
        0.0000000000
        0.0000000000
       53.5058479309
      205.5751037598
      268.5642395020
      205.5751037598
       53.5058479309
        0.0000000000
        0.0000000000
        0.0000000000
       90.5573654175
      347.5666198730
      454.0233459473
      347.5666198730
       90.5573654175
        0.0000000000
        0.0000000000
        0.0000000000
      204.3128967285
      783.5657348633
     1023.5001220703
      783.5657348633
      204.3128967285
        0.0000000000
        0.0000000000
        0.0000000000
      211.8016510010
      811.8849487305
     1060.4476318359
      811.8849487305
      211.8016510010
        0.0000000000
        0.0000000000
        0.0000000000
      150.4335021973
      576.5211791992
      753.0125122070
      576.5211791992
      150.4335021973
        0.0000000000
        0.0000000000
        0.0000000000
      183.7752532959
      704.3416137695
      919.9672851562
      704.3416137695
      183.7752532959
        0.0000000000
        0.0000000000
        0.0000000000
      213.8070373535
      819.7171630859
     1070.6933593750
      819.7171630859
      213.8070373535
        0.0000000000
        0.0000000000
        0.0000000000
      210.7558593750
      808.5141601562
     1056.1137695312
      808.5141601562
      210.7558593750
        0.0000000000
        0.0000000000
        0.0000000000
      210.5196380615
      808.3267211914
     1055.9465332031
      808.3267211914
      210.5196380615
        0.0000000000
        0.0000000000
        0.0000000000
      204.5703125000
      786.4007568359
     1027.4028320312
      786.4007568359
      204.5703125000
        0.0000000000
        0.0000000000
        0.0000000000
      209.6325378418
      807.0268554688
     1054.4757080078
      807.0268554688
      209.6325378418
        0.0000000000
        0.0000000000
        0.0000000000
      211.1383056641
      814.2274169922
     1064.0350341797
      814.2274169922
      211.1383056641
        0.0000000000
        0.0000000000
        0.0000000000
      211.2546234131
      816.3120117188
     1066.9349365234
      816.3120117188
      211.2546234131
        0.0000000000
        0.0000000000
        0.0000000000
      182.0110778809
      704.9226074219
      921.5196533203
      704.9226074219
      182.0110778809
        0.0000000000
        0.0000000000
        0.0000000000
      207.7269897461
      806.5907592773
     1054.6483154297
      806.5907592773
      207.7269897461
        0.0000000000
        0.0000000000
        0.0000000000
      206.1748657227
      802.8538208008
     1050.0063476562
      802.8538208008
      206.1748657227
        0.0000000000
