      291.2046813965
      289.4481201172
      288.4299926758
      288.4299926758
      288.4299926758
      303.9584655762
      300.0948791504
      293.6309509277
      288.0671691895
      285.8800964355
      284.6100158691
      284.6100158691
      284.6100158691
      305.3176574707
      300.1536865234
      291.5423583984
      291.4969482422
      289.5961914062
      288.4899902344
      288.4899902344
      288.4899902344
      303.0681152344
      299.4237060547
      293.3679199219
      290.9470825195
      289.2815246582
      288.3099975586
      288.3099975586
      288.3099975586
      303.1578063965
      299.4360961914
      293.2754516602
      291.7680969238
      290.2043457031
      289.2900085449
      289.2900085449
      289.2900085449
      303.8375244141
      300.1807250977
      294.1522216797
      291.9388427734
      290.3067932129
      289.3500061035
      289.3500061035
      289.3500061035
      302.0675048828
      298.8610839844
      293.5979919434
      292.4932250977
      291.1812438965
      290.4100036621
      290.4100036621
      290.4100036621
      301.5874938965
      298.7603454590
      294.1411743164
      293.3602294922
      292.2339782715
      291.5700073242
      291.5700073242
      291.5700073242
      308.9155273438
      304.5136108398
      297.3562011719
      295.9921875000
      294.2250061035
      293.1799926758
      293.1799926758
      293.1799926758
      312.9641418457
      307.9257202148
      299.7750244141
      299.2372741699
      297.3623046875
      296.2500000000
      296.2500000000
      296.2500000000
      311.9247131348
      307.9181823730
      301.4712829590
      295.1336975098
      292.8432617188
      291.4800109863
      291.4800109863
      291.4800109863
      312.5319213867
      307.1303710938
      298.4870605469
      299.6778869629
      297.9262084961
      296.8800048828
      296.8800048828
      296.8800048828
      311.5336303711
      307.7588500977
      301.7535400391
      297.4869689941
      295.5756225586
      294.4299926758
      294.4299926758
      294.4299926758
      305.7444458008
      302.8178710938
      298.1898803711
      295.9596862793
      294.6299743652
      293.8300170898
      293.8300170898
      293.8300170898
      305.1737060547
      302.2271118164
      297.5964355469
      296.8763122559
      295.7500915527
      295.0700073242
      295.0700073242
      295.0700073242
      310.0606689453
      306.1496887207
      300.0429687500
      299.4830017090
      298.0492553711
      297.1799926758
      297.1799926758
      297.1799926758
      309.1416320801
      306.0068969727
      301.1445922852
      298.5547790527
      297.1221008301
      296.2500000000
      296.2500000000
      296.2500000000
      307.8209533691
      304.7745971680
      300.0816040039
      295.3949890137
      293.7161865234
      292.6900024414
      292.6900024414
      292.6900024414
      305.8085632324
      302.3384094238
      297.0300292969
      295.1426391602
      293.7034606934
      292.8200073242
      292.8200073242
      292.8200073242
      308.8045043945
      304.5558166504
      298.1031494141
      295.1529846191
      293.3138732910
      292.1799926758
      292.1799926758
      292.1799926758
      304.0772094727
      300.8992919922
      296.1084289551
      292.2874145508
      290.7018737793
      289.7200012207
      289.7200012207
      289.7200012207
      304.9818420410
      300.8846740723
      294.7544555664
      292.6060485840
      290.9439697266
      289.9100036621
      289.9100036621
      289.9100036621
      299.1878051758
      296.6843261719
      292.9674377441
      290.9537963867
      289.8498840332
      289.1600036621
      289.1600036621
      289.1600036621
      299.4650878906
      296.6699523926
      292.5525512695
      292.2440490723
      291.2771301270
      290.6700134277
      290.6700134277
      290.6700134277
      298.4176940918
      296.3050842285
      293.2180175781
      293.0091857910
      292.2861633301
      291.8300170898
      291.8300170898
      291.8300170898
      297.4002990723
      295.8732604980
      293.6600646973
      291.2500000000
      290.4299011230
      289.9100036621
      289.9100036621
      289.9100036621
      296.3776855469
      294.5950012207
      292.0326843262
      288.7351684570
      287.7180175781
      287.0700073242
      287.0700073242
      287.0700073242
      299.5141601562
      296.0653381348
      291.1498413086
      289.2815246582
      287.9210510254
      287.0500183105
      287.0500183105
      287.0500183105
      301.2678527832
      297.3055725098
      291.7064819336
      290.0230712891
      288.5304870605
      287.5700073242
      287.5700073242
      287.5700073242
      304.4186401367
      299.6968078613
      293.0822448730
      291.2529296875
      289.5083618164
      288.3800048828
      288.3800048828
      288.3800048828
      308.7657165527
      303.0202941895
      295.0423889160
      297.8469543457
      296.4004211426
      295.4599914551
      295.4599914551
      295.4599914551
      307.9540100098
      304.4126586914
      299.5389099121
      298.6267700195
      297.3949890137
      296.5899963379
      296.5899963379
      296.5899963379
      310.3471984863
      306.4253540039
      301.0765380859
      297.4703979492
      295.7742614746
      294.6600036621
      294.6600036621
      294.6600036621
      310.8158264160
      306.1835327148
      299.9231872559
      298.8785095215
      297.3075256348
      296.2700195312
      296.2700195312
      296.2700195312
      308.8147277832
      305.1968994141
      300.3524475098
      298.9300537109
      297.6319274902
      296.7700195312
      296.7700195312
      296.7700195312
      308.3351440430
      304.9803466797
      300.5296936035
      293.6616821289
      291.7416687012
      290.4599914551
      290.4599914551
      290.4599914551
      300.2393188477
      297.3858947754
      293.6357727051
      292.4773254395
      291.4616394043
      290.7799987793
      290.7799987793
      290.7799987793
      302.6869506836
      299.1922302246
      294.6426696777
      291.8326721191
      290.4159545898
      289.4599914551
      289.4599914551
      289.4599914551
      308.6485900879
      302.9834289551
      295.6783447266
      295.4179382324
      293.6914062500
      292.5200195312
      292.5200195312
      292.5200195312
      311.8019409180
      306.0755004883
      298.7621154785
      295.9332580566
      293.8685302734
      292.4599914551
      292.4599914551
      292.4599914551
      315.0077514648
      308.2716674805
      299.7518005371
      295.3029785156
      292.7447814941
      290.9899902344
      290.9899902344
      290.9899902344
      296.8760375977
      295.1071472168
      292.8915710449
      290.4707336426
      289.6417846680
      289.0700073242
      289.0700073242
      289.0700073242
      298.5319213867
      295.6715087891
      292.1237182617
      291.9536132812
      291.1011962891
      290.5100097656
      290.5100097656
      290.5100097656
      299.8292846680
      296.9952087402
      293.5146484375
      289.9847106934
      288.7153015137
      287.8300170898
      287.8300170898
      287.8300170898
      303.5910949707
      298.7695312500
      292.9065246582
      292.7434082031
      291.3424682617
      290.3600158691
      290.3600158691
      290.3600158691
      305.4793395996
      300.8266296387
      295.2250366211
      295.6354064941
      294.3655395508
      293.4700012207
      293.4700012207
      293.4700012207
      304.6732482910
      301.2052001953
      297.0714416504
      294.4440307617
      293.1310729980
      292.2000122070
      292.2000122070
      292.2000122070
      304.3704223633
      300.5806579590
      296.1086120605
      295.0903625488
      293.8993225098
      293.0499877930
      293.0499877930
      293.0499877930
      306.4244995117
      302.2351684570
      297.3412475586
      295.8626403809
      294.5099792480
      293.5400085449
      293.5400085449
      293.5400085449
      305.1344299316
      301.4812622070
      297.2566528320
      294.6283569336
      293.2871398926
      292.3200073242
      292.3200073242
      292.3200073242
      299.7586669922
      297.4010925293
      294.7023315430
      291.1977844238
      290.1092834473
      289.3200073242
      289.3200073242
      289.3200073242
      298.7251281738
      295.7268066406
      292.3293762207
      291.0583801270
      290.0819702148
      289.3699951172
      289.3699951172
      289.3699951172
      301.6596679688
      297.7188720703
      293.2988891602
      292.5171203613
      291.3533325195
      290.5000000000
      290.5000000000
      290.5000000000
      311.3676452637
      304.6372375488
      297.1654052734
      295.2143554688
      293.1626892090
      291.6499938965
      291.6499938965
      291.6499938965
      304.4504699707
      300.2980041504
      295.7351684570
      292.3785400391
      290.8518676758
      289.7200012207
      289.7200012207
      289.7200012207
      306.0401916504
      300.7153320312
      294.9240722656
      296.3593444824
      295.1279907227
      294.2099914551
      294.2099914551
      294.2099914551
      300.3512573242
      298.3359985352
      296.1666870117
      294.4999694824
      293.7626953125
      293.2099914551
      293.2099914551
      293.2099914551
      300.6008605957
      298.1616516113
      295.5629577637
      294.0964660645
      293.2774047852
      292.6600036621
      292.6600036621
      292.6600036621
      305.0364074707
      300.9285278320
      296.5970764160
      295.9042663574
      294.7527770996
      293.8800048828
      293.8800048828
      293.8800048828
      310.2895812988
      304.8121643066
      299.0960693359
      297.8896484375
      296.3292236328
      295.1400146484
      295.1400146484
      295.1400146484
      312.5438842773
      306.7018127441
      300.6679992676
      301.1306152344
      299.6922302246
      298.5899963379
      298.5899963379
      298.5899963379
      314.9687805176
      309.4399719238
      303.7886047363
      296.5281982422
      294.2303771973
      292.4599914551
      292.4599914551
      292.4599914551
      299.5816345215
      297.1642456055
      294.7188110352
      292.5215454102
      291.6416320801
      290.9599914551
      290.9599914551
      290.9599914551
      299.1384277344
      296.3469543457
      293.5522155762
      292.6436157227
      291.8320617676
      291.2000122070
      291.2000122070
      291.2000122070
      302.9778442383
      298.9356384277
      294.9305725098
      291.7980957031
      290.4082946777
      289.3200073242
      289.3200073242
      289.3200073242
      301.7471923828
      297.4588012695
      293.2536926270
      289.6517639160
      288.1513061523
      286.9700012207
      286.9700012207
      286.9700012207
      301.9974365234
      296.7835388184
      291.7237854004
      291.4894409180
      290.1780090332
      289.1400146484
      289.1400146484
      289.1400146484
      304.2347717285
      298.9692077637
      293.9122009277
      291.7928771973
      290.2487182617
      289.0199890137
      289.0199890137
      289.0199890137
      306.2973937988
      300.2380981445
      294.4790039062
      293.5925598145
      292.0133361816
      290.7500000000
      290.7500000000
      290.7500000000
      308.8558349609
      302.4721679688
      296.4675292969
      293.8910217285
      292.0392150879
      290.5499877930
      290.5499877930
      290.5499877930
      309.3947143555
      302.7153930664
      296.4975891113
      298.6744995117
      297.3338317871
      296.2500000000
      296.2500000000
      296.2500000000
      306.5003356934
      302.8481140137
      299.4833984375
      296.3665466309
      295.1216735840
      294.1100158691
      294.1100158691
      294.1100158691
      300.2513122559
      298.0517272949
      296.0462646484
      292.6630249023
      291.7367248535
      290.9800109863
      290.9800109863
      290.9800109863
      298.0137634277
      295.4815063477
      293.1965637207
      288.9581909180
      287.8554992676
      286.9500122070
      286.9500122070
      286.9500122070
      298.2862243652
      294.1840515137
      290.5207214355
      291.5904541016
      290.7575073242
      290.0700073242
      290.0700073242
      290.0700073242
      301.1336364746
      297.1096801758
      293.5533142090
      293.6109008789
      292.6812438965
      291.9100036621
      291.9100036621
      291.9100036621
      302.9834899902
      298.9356079102
      295.3949584961
      294.3703002930
      293.3122558594
      292.4299926758
      292.4299926758
      292.4299926758
      298.4771423340
      296.2555236816
      294.3323364258
      288.2765502930
      287.0488891602
      286.0199890137
      286.0199890137
      286.0199890137
      296.6270751953
      292.7108154297
      289.3555297852
      290.8621215820
      290.1445007324
      289.5400085449
      289.5400085449
      289.5400085449
      293.2374572754
      291.8655700684
      290.7023010254
      290.9763488770
      290.6967163086
      290.4609375000
      290.4599914551
      290.4599914551
      295.0169677734
      293.2340698242
      291.8919982910
      291.3161621094
      290.8643798828
      290.4833068848
      290.4800109863
      290.4800109863
      303.4116516113
      298.2325134277
      294.5423889160
      292.3805847168
      291.0379638672
      289.9051208496
      289.8900146484
      289.8900146484
      295.4932556152
      293.2113952637
      291.6496887207
      287.6966247559
      286.7625732422
      285.9742126465
      285.9599914551
      285.9599914551
      293.0080871582
      290.0990905762
      288.1728210449
      288.7080078125
      288.1778259277
      287.7301940918
      287.7200012207
      287.7200012207
      295.2731628418
      292.1199645996
      290.0907897949
      288.5093688965
      287.6904907227
      286.9989624023
      286.9800109863
      286.9800109863
      298.9547119141
      293.9056396484
      290.7377319336
      291.3819885254
      290.4513549805
      289.6652221680
      289.6400146484
      289.6400146484
      297.4673767090
      294.1375122070
      292.0957336426
      291.0907592773
      290.3174438477
      289.6640014648
      289.6400146484
      289.6400146484
      298.7306213379
      294.8320922852
      292.4914855957
      289.7989196777
      288.7251586914
      287.8175659180
      287.7799987793
      287.7799987793
      296.8613281250
      292.9379577637
      290.6280822754
      288.1688842773
      287.1240539551
      286.2406616211
      286.2000122070
      286.2000122070
      293.3211059570
      290.2236328125
      288.4329528809
      286.4068908691
      285.5772399902
      284.8755493164
      284.8399963379
      284.8399963379
      297.8673095703
      292.1649475098
      288.9243774414
      288.2336730957
      287.0641174316
      286.0747070312
      286.0199890137
      286.0199890137
      299.5897521973
      293.6148681641
      290.2739562988
      288.5398864746
      287.2062072754
      286.0776062012
      286.0100097656
      286.0100097656
      296.9117126465
      292.0850219727
      289.4272155762
      287.9692993164
      286.8912963867
      285.9788513184
      285.9200134277
      285.9200134277
      302.3601989746
      295.0435180664
      291.0728759766
      291.7738037109
      290.4805908203
      289.3856201172
      289.3099975586
      289.3099975586
      294.2615356445
      292.0470581055
      290.8618774414
      283.6401672363
      282.4040222168
      281.3570861816
      281.2799987793
      281.2799987793
      292.7381591797
      287.5899353027
      284.8709716797
      285.0584411621
      284.1237487793
      283.3319091797
      283.2699890137
      283.2699890137
      294.2290039062
      289.2834167480
      286.7044677734
      284.8547058105
      283.7309875488
      282.7787475586
      282.7000122070
      282.7000122070
      295.8761291504
      289.9051818848
      286.8292541504
      286.3454589844
      285.1925048828
      284.2152404785
      284.1300048828
      284.1300048828
      298.9566345215
      292.2110595703
      288.7765808105
      289.8704223633
      288.7588806152
      287.8164367676
      287.7300109863
      287.7300109863
      296.0284118652
      292.2386779785
      290.3307495117
      289.8153991699
      289.0663757324
      288.4311218262
      288.3699951172
      288.3699951172
      300.5992431641
      294.9942016602
      292.2028808594
      292.1988830566
      291.1806945801
      290.3169555664
      290.2300109863
      290.2300109863
      297.3049011230
      294.0510864258
      292.4475708008
      289.3123779297
      288.3719177246
      287.5738830566
      287.4899902344
      287.4899902344
      301.6044311523
      295.0917358398
      291.9143981934
      291.9672546387
      290.7995910645
      289.8085327148
      289.7000122070
      289.7000122070
      305.8321838379
      298.3650207520
      294.7574157715
      294.5367431641
      293.1712951660
      292.0120544434
      291.8800048828
      291.8800048828
      299.4782409668
      295.9506225586
      294.2623291016
      288.7580566406
      287.5126647949
      286.4550781250
      286.3300170898
      286.3300170898
      297.8554687500
      292.4891052246
      289.9441223145
      286.9838256836
      285.6970520020
      284.6040344238
      284.4700012207
      284.4700012207
      297.7731018066
      291.5619201660
      288.6421813965
      285.0854797363
      283.5858764648
      282.3117675781
      282.1499938965
      282.1499938965
      294.9569396973
      288.9615478516
      286.1672668457
      285.5572204590
      284.4267883301
      283.4660949707
      283.3399963379
      283.3399963379
      296.4325256348
      290.2878417969
      287.4475708008
      285.3424377441
      284.0233154297
      282.9019775391
      282.7500000000
      282.7500000000
      298.4664916992
      291.0722961426
      287.6817932129
      289.6650390625
      288.5807800293
      287.6588745117
      287.5299987793
      287.5299987793
      298.1889038086
      293.1623840332
      290.8754272461
      290.4877319336
      289.5613403320
      288.7734680176
      288.6600036621
      288.6600036621
      296.3539428711
      292.7174682617
      291.0754089355
      290.2171936035
      289.4850769043
      288.8623046875
      288.7699890137
      288.7699890137
      296.6324157715
      292.9082946777
      291.2388916016
      286.3365783691
      285.1466979980
      284.1342468262
      283.9800109863
      283.9800109863
      297.5073852539
      291.0866699219
      288.2288208008
      286.2778320312
      284.9434204102
      283.8077087402
      283.6300048828
      283.6300048828
      297.5983581543
      290.9551086426
      288.0185241699
      286.2207031250
      284.8672180176
      283.7149963379
      283.5299987793
      283.5299987793
      296.7817993164
      290.4672851562
      287.6945495605
      283.6787414551
      282.1429748535
      280.8352966309
      280.6199951172
      280.6199951172
      297.0596313477
      289.2116699219
      285.7879028320
      283.6584472656
      282.0655212402
      280.7088012695
      280.4800109863
      280.4800109863
      299.2902832031
      290.2947387695
      286.3949279785
      289.8419494629
      288.6603698730
      287.6537780762
      287.4800109863
      287.4800109863
      301.5285949707
      294.7987976074
      291.8990173340
      288.9986877441
      287.5212402344
      286.2623291016
      286.0400085449
      286.0400085449
      297.6585693359
      292.0837402344
      289.6958312988
      286.6260070801
      285.3319702148
      284.2290954590
      284.0299987793
      284.0299987793
      291.0927124023
      287.6985778809
      286.2530822754
      282.6071166992
      281.6282653809
      280.7938537598
      280.6400146484
      280.6400146484
      292.5078430176
      286.7959289551
      284.3768615723
      280.8114318848
      279.4447021484
      278.2793579102
      278.0599975586
      278.0599975586
      294.0740661621
      286.3554382324
      283.1041870117
      282.0168762207
      280.5754089355
      279.3460388184
      279.1100158691
      279.1100158691
      295.4832153320
      287.5805358887
      284.2691955566
      282.8198242188
      281.3099975586
      280.0221252441
      279.7699890137
      279.7699890137
      294.6106872559
      287.4381713867
      284.4480590820
      285.2237243652
      284.0802307129
      283.1046142578
      282.9100036621
      282.9100036621
      291.7539062500
      287.4742126465
      285.6988220215
      286.8345642090
      286.2254333496
      285.7055969238
      285.6000061035
      285.6000061035
      291.8109130859
      288.8016662598
      287.5592956543
      281.3276977539
      280.1465454102
      279.1384277344
      278.9299926758
      278.9299926758
      292.2743835449
      285.8013305664
      283.1412963867
      280.3743591309
      278.9754333496
      277.7811584473
      277.5299987793
      277.5299987793
      293.8877563477
      285.9440612793
      282.6943664551
      280.6727600098
      279.1049194336
      277.7662048340
      277.4800109863
      277.4800109863
      296.9908142090
      287.5057373047
      283.6423339844
      281.8651428223
      280.0632324219
      278.5243530273
      278.1900024414
      278.1900024414
      298.4014587402
      288.5656433105
      284.5762634277
      283.4308471680
      281.6386718750
      280.1078186035
      279.7699890137
      279.7699890137
      300.1318054199
      290.2130737305
      286.2064514160
      290.0385131836
      288.7634277344
      287.6740417480
      287.4299926758
      287.4299926758
      302.3503112793
      295.0754089355
      292.1483459473
      285.3374633789
      283.3814086914
      281.7099304199
      281.3300170898
      281.3300170898
      289.8996582031
      285.7174682617
      284.0411987305
      281.2007141113
      280.1914672852
      279.3288574219
      279.1300048828
      279.1300048828
      292.5488891602
      285.9945373535
      283.3771362305
      283.5176086426
      282.4236755371
      281.4885559082
      281.2699890137
      281.2699890137
      290.8585815430
      286.1712646484
      284.3061218262
      281.7468566895
      280.6839599609
      279.7752075195
      279.5599975586
      279.5599975586
      292.6127319336
      286.2269897461
      283.6947631836
      284.7931823730
      283.8305664062
      283.0074462891
      282.8099975586
      282.8099975586
      293.7406311035
      288.3890686035
      286.2740173340
      282.6431884766
      281.3570556641
      280.2571411133
      279.9899902344
      279.9899902344
      292.5518493652
      286.3972778320
      283.9726562500
      282.7419738770
      281.5743103027
      280.5755004883
      280.3300170898
      280.3300170898
      293.2685852051
      286.9251403809
      284.4338378906
      282.4360351562
      281.1566467285
      280.0621337891
      279.7900085449
      279.7900085449
      292.3529663086
      286.1896972656
      283.7763671875
      283.3111877441
      282.2240600586
      281.2938842773
      281.0599975586
      281.0599975586
      291.7191467285
      286.4866638184
      284.4436645508
      285.2590942383
      284.4636840820
      283.7829895020
      283.6100158691
      283.6100158691
      291.6642456055
      287.7081909180
      286.1678161621
      280.9063110352
      279.6892089844
      278.6474914551
      278.3800048828
      278.3800048828
      293.3259582520
      285.9808044434
      283.1283874512
      283.8009033203
      282.6358947754
      281.6386413574
      281.3800048828
      281.3800048828
      295.2201538086
      288.4148559570
      285.7788391113
      280.2193908691
      278.4939575195
      277.0168151855
      276.6300048828
      276.6300048828
      293.7925109863
      285.3494262695
      282.0869750977
      283.2431945801
      281.9451599121
      280.8337097168
      280.5400085449
      280.5400085449
      291.4010314941
      286.0554504395
      283.9946899414
      284.0170593262
      283.1214294434
      282.3544921875
      282.1499938965
      282.1499938965
      288.6915283203
      285.4704895020
      284.2315368652
      280.8124084473
      279.9151306152
      279.1466369629
      278.9400024414
      278.9400024414
      288.5146789551
      283.7981567383
      281.9878540039
      278.9537048340
      277.8460083008
      276.8971862793
      276.6400146484
      276.6400146484
      288.8837280273
      282.8500671387
      280.5389099121
      282.8533325195
      282.0816345215
      281.4205932617
      281.2399902344
      281.2399902344
      290.5748291016
      285.9729614258
      284.2136535645
      279.1064147949
      277.8034667969
      276.6871643066
      276.3800048828
      276.3800048828
      289.7078247070
      283.1351928711
      280.6270751953
      277.1705322266
      275.7091369629
      274.4570007324
      274.1100158691
      274.1100158691
      290.5289916992
      282.4292907715
      279.3438720703
      277.3174438477
      275.7489624023
      274.4049377441
      274.0299987793
      274.0299987793
      292.2196350098
      283.2437133789
      279.8301696777
      277.9050903320
      276.2006835938
      274.7400207520
      274.3300170898
      274.3300170898
      293.5008239746
      284.0380249023
      280.4449462891
      279.4218750000
      277.7297668457
      276.2795410156
      275.8699951172
      275.8699951172
      289.0090332031
      282.5218200684
      280.0622253418
      278.3796081543
      277.1182250977
      276.0370178223
      275.7300109863
      275.7300109863
      289.2990112305
      282.5978393555
      280.0606384277
      279.5180969238
      278.3391113281
      277.3284912109
      277.0400085449
      277.0400085449
      290.7351684570
      283.9701538086
      281.4120788574
      278.6701354980
      277.2531738281
      276.0384521484
      275.6900024414
      275.6900024414
      290.0027465820
      282.9311828613
      280.2604064941
      280.4266357422
      279.2592468262
      278.2584228516
      277.9700012207
      277.9700012207
      290.0444030762
      284.0776062012
      281.8265686035
      276.4202880859
      274.8623352051
      273.5265502930
      273.1400146484
      273.1400146484
      290.1235656738
      281.7293090820
      278.5657653809
      276.7881774902
      275.1987609863
      273.8359375000
      273.4400024414
      273.4400024414
      290.6657714844
      282.1504211426
      278.9443054199
      277.9349060059
      276.4046936035
      275.0925598145
      274.7099914551
      274.7099914551
      291.0286865234
      282.9605712891
      279.9254455566
      281.5213012695
      280.3349304199
      279.3175659180
      279.0199890137
      279.0199890137
      294.6645507812
      286.9287109375
      284.0208435059
      277.9849853516
      276.0671081543
      274.4223937988
      273.9400024414
      273.9400024414
      292.4739379883
      283.3083190918
      279.8653869629
      278.8571777344
      277.2185363770
      275.8132324219
      275.3999938965
      275.3999938965
      292.2279663086
      283.9051513672
      280.7807312012
      278.6042785645
      276.9864196777
      275.5988769531
      275.1900024414
      275.1900024414
      293.0729980469
      284.2276306152
      280.9087524414
      282.5821533203
      281.2736206055
      280.1513366699
      279.8200073242
      279.8200073242
      294.5843200684
      287.2809753418
      284.5419311523
      285.3630371094
      284.2248535156
      283.2486572266
      282.9599914551
      282.9599914551
      291.5109558105
      287.2808837891
      285.6950073242
      278.1802062988
      276.6978149414
      275.4263916016
      275.0500183105
      275.0500183105
      290.5659179688
      282.8899841309
      280.0130615234
      284.1534423828
      283.2947387695
      282.5582275391
      282.3399963379
      282.3399963379
      292.8193359375
      287.6348876953
      285.6921691895
      285.4302673340
      284.5352478027
      283.7675476074
      283.5400085449
      283.5400085449
      292.9245910645
      288.2816772461
      286.5420837402
      280.4394226074
      279.0334472656
      277.8275146484
      277.4700012207
      277.4700012207
      288.9892578125
      283.2901916504
      281.1549682617
      280.5886230469
      279.5759887695
      278.7074584961
      278.4500122070
      278.4500122070
      289.8983154297
      284.2343750000
      282.1122436523
      280.9547424316
      279.8870544434
      278.9713134766
      278.7000122070
      278.7000122070
      292.1238403320
      285.4826660156
      282.9940795898
      279.5069885254
      278.0355834961
      276.7735900879
      276.3999938965
      276.3999938965
      292.1383056641
      284.3523559570
      281.4342041016
      280.0123291016
      278.5618591309
      277.3178405762
      276.9500122070
      276.9500122070
      292.4858093262
      284.8003845215
      281.9190979004
      283.3630371094
      282.2246398926
      281.2482604980
      280.9599914551
      280.9599914551
      293.3125000000
      287.2021789551
      284.9105834961
      286.0435180664
      285.1367797852
      284.3591613770
      284.1300048828
      284.1300048828
      290.3431701660
      287.2699890137
      286.1169128418
      278.8721008301
      277.6103210449
      276.5281982422
      276.2099914551
      276.2099914551
      289.6811828613
      283.0185852051
      280.5174255371
      283.0281066895
      282.1708068848
      281.4356384277
      281.2200012207
      281.2200012207
      287.9085693359
      284.6008605957
      283.3583679199
      277.9787292480
      276.8694458008
      275.9182434082
      275.6400146484
      275.6400146484
      288.1216735840
      281.9497985840
      279.6298522949
      276.8453979492
      275.5237426758
      274.3904418945
      274.0599975586
      274.0599975586
      290.9489135742
      282.5988464355
      279.4577026367
      281.5934448242
      280.4145507812
      279.4036865234
      279.1100158691
      279.1100158691
      291.8330383301
      285.5435180664
      283.1755065918
      283.3925781250
      282.3607482910
      281.4760437012
      281.2200012207
      281.2200012207
      292.5570983887
      286.9536132812
      284.8419189453
      282.0370788574
      280.8077392578
      279.7537841797
      279.4500122070
      279.4500122070
      293.2108459473
      286.4106140137
      283.8452453613
      281.6054382324
      280.2335510254
      279.0574340820
      278.7200012207
      278.7200012207
      296.8895874023
      287.9123840332
      284.5220336914
      287.3495483398
      286.1366271973
      285.0968627930
      284.8000183105
      284.8000183105
      292.3218994141
      288.6062927246
      287.2013244629
      279.4544372559
      278.0289306641
      276.8070678711
      276.4599914551
      276.4599914551
      291.6286621094
      284.1374206543
      281.3012390137
      280.1408081055
      278.7636718750
      277.5834045410
      277.2500000000
      277.2500000000
      291.3903808594
      284.4086914062
      281.7617797852
      280.5100097656
      279.2085266113
      278.0932006836
      277.7799987793
      277.7799987793
      288.1616210938
      283.0371398926
      281.0914916992
      280.1646118164
      279.2082214355
      278.3887023926
      278.1600036621
      278.1600036621
      288.6739807129
      283.4856262207
      281.5126647949
      276.6354370117
      275.2577209473
      274.0772399902
      273.7500000000
      273.7500000000
      291.2258605957
      282.6046447754
      279.3208618164
      281.6609497070
      280.4562683105
      279.4241333008
      279.1400146484
      279.1400146484
      292.5210571289
      285.9220275879
      283.4041442871
      280.1876525879
      278.7443237305
      277.5079040527
      277.1700134277
      277.1700134277
      290.5971374512
      283.9776916504
      281.4473571777
      277.2556152344
      275.7066345215
      274.3798217773
      274.0199890137
      274.0199890137
      295.9371948242
      285.1361694336
      280.9994812012
      282.4861145020
      280.8251953125
      279.4027099609
      279.0199890137
      279.0199890137
      290.3741149902
      284.7808837891
      282.6343688965
      281.2929687500
      280.2123107910
      279.2868957520
      279.0400085449
      279.0400085449
      293.6247253418
      286.4430236816
      283.6810607910
      280.2524108887
      278.6859741211
      277.3447265625
      276.9899902344
      276.9899902344
      296.2430725098
      286.7667541504
      283.1142578125
      284.7851257324
      283.3647155762
      282.1486816406
      281.8300170898
      281.8300170898
      295.5661621094
      288.8084106445
      286.1976623535
      287.9449768066
      286.9898376465
      286.1722412109
      285.9599914551
      285.9599914551
      293.0238342285
      289.5503540039
      288.2052001953
      279.2441711426
      277.7199096680
      276.4153137207
      276.0800170898
      276.0800170898
      290.0764770508
      283.1975708008
      280.5269165039
      281.7239685059
      280.6900024414
      279.8051147461
      279.5800170898
      279.5800170898
      291.7821960449
      285.7884216309
      283.4552612305
      278.9201965332
      277.4329223633
      276.1603393555
      275.8399963379
      275.8399963379
      292.9941406250
      284.5728149414
      281.2857055664
      280.4841308594
      278.9786376953
      277.6906433105
      277.3699951172
      277.3699951172
      293.8983154297
      285.7891235352
      282.6148681641
      284.8933715820
      283.7639160156
      282.7977905273
      282.5599975586
      282.5599975586
      291.6802673340
      287.2084960938
      285.4528808594
      278.5669555664
      277.0853576660
      275.8182067871
      275.5100097656
      275.5100097656
      290.7292480469
      283.2720642090
      280.3354187012
      280.7073974609
      279.4856872559
      278.4410095215
      278.1900024414
      278.1900024414
      287.6927795410
      283.0398559570
      281.2016906738
      277.1020202637
      275.8813171387
      274.8376159668
      274.5899963379
      274.5899963379
      287.4043273926
      281.1345520020
      278.6494750977
      277.9451599121
      276.8088378906
      275.8374633789
      275.6100158691
      275.6100158691
      288.6112670898
      282.2549438477
      279.7269592285
      276.2886962891
      274.8469238281
      273.6146850586
      273.3300170898
      273.3300170898
      291.5135498047
      282.6307983398
      279.0855407715
      281.6745300293
      280.4425964355
      279.3898315430
      279.1499938965
      279.1499938965
      291.7877502441
      285.6193847656
      283.1484680176
      284.1624450684
      283.2229309082
      282.4202575684
      282.2399902344
      282.2399902344
      291.7404174805
      287.1074829102
      285.2445983887
      278.9483337402
      277.4906616211
      276.2454833984
      275.9700012207
      275.9700012207
      296.8947448730
      286.7001037598
      282.5848693848
      282.4151000977
      280.6627197266
      279.1660766602
      278.8399963379
      278.8399963379
      295.3664855957
      287.3225097656
      284.0623168945
      281.9170532227
      280.3181457520
      278.9528198242
      278.6600036621
      278.6600036621
      299.0097961426
      289.1148986816
      285.0878295898
      283.0452575684
      281.1398925781
      279.5132141113
      279.1700134277
      279.1700134277
      290.0726318359
      284.7769470215
      282.6123962402
      280.5204772949
      279.3925476074
      278.4297485352
      278.2300109863
      278.2300109863
      291.8008117676
      285.2164001465
      282.5131225586
      279.0455322266
      277.5482788086
      276.2705383301
      276.0100097656
      276.0100097656
      292.8073425293
      284.6668090820
      281.3093566895
      281.0793762207
      279.6617736816
      278.4522399902
      278.2099914551
      278.2099914551
      294.4655456543
      286.5970458984
      283.3364562988
      279.6550598145
      277.9106445312
      276.4225769043
      276.1300048828
      276.1300048828
      289.9891052246
      283.2890014648
      280.4990234375
      281.1068725586
      280.0228576660
      279.0983581543
      278.9200134277
      278.9200134277
      290.2661743164
      284.7880859375
      282.4955139160
      281.2636413574
      280.1893310547
      279.2732849121
      279.1000061035
      279.1000061035
      290.7741394043
      285.1453247070
      282.7774963379
      278.4654541016
      277.0303039551
      275.8068237305
      275.5800170898
      275.5800170898
      288.7582092285
      282.4131774902
      279.7298278809
      277.0318298340
      275.6458129883
      274.4644775391
      274.2500000000
      274.2500000000
      292.1232910156
      283.5303649902
      279.8763427734
      277.8853454590
      276.1856994629
      274.7373657227
      274.4800109863
      274.4800109863
      291.7070617676
      283.4375000000
      279.9010925293
      277.9620666504
      276.3210449219
      274.9229736328
      274.6799926758
      274.6799926758
      294.5472412109
      285.0255126953
      280.9298706055
      279.6268615723
      277.8352355957
      276.3092041016
      276.0500183105
      276.0500183105
      295.6996154785
      286.2978210449
      282.2294311523
      286.3301696777
      285.1458435059
      284.1372985840
      283.9700012207
      283.9700012207
      295.9528808594
      290.2292785645
      287.7372436523
      286.3761901855
      285.2319030762
      284.2576904297
      284.1000061035
      284.1000061035
      291.2313537598
      287.8312072754
      286.3413391113
      283.0356445312
      282.0809020996
      281.2682495117
      281.1400146484
      281.1400146484
      291.3133239746
      286.4718627930
      284.3365173340
      283.4652709961
      282.5240783691
      281.7231445312
      281.6000061035
      281.6000061035
      292.5519409180
      287.3500366211
      285.0402221680
      286.2483215332
      285.4706420898
      284.8090209961
      284.7099914551
      284.7099914551
      293.6168823242
      289.3948974609
      287.5071105957
      281.2446899414
      279.8139953613
      278.5971069336
      278.4200134277
      278.4200134277
      295.9742126465
      287.6707763672
      283.9313659668
      283.1890869141
      281.6468505859
      280.3353881836
      280.1499938965
      280.1499938965
      289.9036560059
      285.3001098633
      283.2115783691
      280.2833251953
      279.1477966309
      278.1824340820
      278.0500183105
      278.0500183105
      288.4538879395
      283.5545959473
      281.3149719238
      279.9228515625
      278.9025268555
      278.0353088379
      277.9200134277
      277.9200134277
      289.0037841797
      283.7966918945
      281.3976440430
      276.9546813965
      275.5383911133
      274.3349304199
      274.1799926758
      274.1799926758
      296.0068664551
      285.7780761719
      281.0270996094
      280.4340820312
      278.5498962402
      276.9492492676
      276.7500000000
      276.7500000000
      293.2031555176
      285.5124511719
      281.9104919434
      280.8961486816
      279.4119873047
      278.1514892578
      278.0000000000
      278.0000000000
      293.0290832520
      286.0228576660
      282.7131042480
      281.2732238770
      279.8594970703
      278.6590881348
      278.5199890137
      278.5199890137
      291.4509277344
      285.4396057129
      282.5745544434
      281.5736999512
      280.3832702637
      279.3727111816
      279.2600097656
      279.2600097656
      293.2651367188
      286.7733764648
      283.6508178711
      281.8074645996
      280.4322204590
      279.2651062012
      279.1400146484
      279.1400146484
      295.0643615723
      287.7053833008
      284.1319885254
      281.6112670898
      279.9987792969
      278.6306762695
      278.4899902344
      278.4899902344
      293.6175537109
      286.6489562988
      283.2317810059
      279.9123840332
      278.2752685547
      276.8866882324
      276.7500000000
      276.7500000000
      297.6738281250
      288.0670776367
      283.3081359863
      282.0447692871
      280.1540527344
      278.5507507324
      278.3999938965
      278.3999938965
      291.9185485840
      285.7332763672
      282.6368713379
      281.1970214844
      279.9042053223
      278.8081970215
      278.7099914551
      278.7099914551
      296.5046081543
      288.3923950195
      284.2868041992
      282.6359863281
      280.9607238770
      279.5408935547
      279.4200134277
      279.4200134277
      296.3109436035
      288.6399536133
      284.7134704590
      282.9180603027
      281.3008422852
      279.9305725098
      279.8200073242
      279.8200073242
      296.3770141602
      288.8876647949
      285.0087890625
      285.3874206543
      284.0443725586
      282.9067077637
      282.8200073242
      282.8200073242
      299.4524841309
      291.9605407715
      288.0325012207
      289.3755187988
      288.1354675293
      287.0853271484
      287.0100097656
      287.0100097656
      295.3018798828
      291.5833740234
      289.6087036133
      286.1132507324
      285.0188293457
      284.0922851562
      284.0299987793
      284.0299987793
      294.2434692383
      289.6845397949
      287.2310791016
      280.5912475586
      278.9743041992
      277.6058044434
      277.5199890137
      277.5199890137
      295.7764892578
      287.6676025391
      283.2423095703
      281.3131713867
      279.5598449707
      278.0762939453
      277.9899902344
      277.9899902344
      295.8154296875
      287.9393310547
      283.5776672363
      281.3460083008
      279.5926818848
      278.1095275879
      278.0299987793
      278.0299987793
      299.9034423828
      290.2924194336
      284.8873291016
      282.5881652832
      280.4854125977
      278.7072448730
      278.6199951172
      278.6199951172
      296.4730529785
      288.6750488281
      284.2176208496
      282.8202209473
      281.1578979492
      279.7525329590
      279.6900024414
      279.6900024414
      303.8581848145
      293.3688964844
      287.2687377930
      291.7297058105
      290.2130126953
      288.9311828613
      288.8800048828
      288.8800048828
      298.1856384277
      294.1745300293
      291.7985839844
      283.2403259277
      281.4639282227
      279.9630432129
      279.9100036621
      279.9100036621
      299.1661071777
      290.9276428223
      285.9504699707
      285.8716125488
      284.2402954102
      282.8623352051
      282.8200073242
      282.8200073242
      306.4825439453
      296.4411621094
      290.2442321777
      288.4939270020
      286.2951965332
      284.4385070801
      284.3900146484
      284.3900146484
      295.2097778320
      290.6596374512
      287.7854919434
      281.3087768555
      279.6394958496
      278.2303161621
      278.2000122070
      278.2000122070
      297.3678894043
      289.3884887695
      284.2167968750
      285.7610473633
      284.3236083984
      283.1104736328
      283.0899963379
      283.0899963379
      301.5702819824
      293.9662780762
      288.8924560547
      286.5946350098
      284.7637023926
      283.2189331055
      283.2000122070
      283.2000122070
      297.2063903809
      291.5224609375
      287.5989685059
      285.1199951172
      283.6442260742
      282.3994750977
      282.3900146484
      282.3900146484
      299.4516296387
      292.6477661133
      287.7501525879
      286.0701599121
      284.4284362793
      283.0441284180
      283.0400085449
      283.0400085449
      302.0180053711
      294.6410827637
      289.0041198730
      290.0353698730
      288.5499877930
      287.3000183105
      287.3000183105
      287.3000183105
      307.9064331055
      300.2678222656
      293.7780761719
      291.2984008789
      289.2583007812
      287.5500183105
      287.5500183105
      287.5500183105
      302.6955871582
      297.1084899902
      292.3130493164
      290.9431762695
      289.4958801270
      288.2900085449
      288.2900085449
      288.2900085449
      293.2392578125
      291.4224243164
      289.8470458984
      286.4807739258
      285.6602478027
      284.9800109863
      284.9800109863
      284.9800109863
      294.2350463867
      290.8543395996
      287.8928222656
      288.2314147949
      287.4853820801
      286.8699951172
      286.8699951172
      286.8699951172
      299.1036987305
      294.6571350098
      290.7219238281
      285.7301330566
      284.0932922363
      282.7500000000
      282.7500000000
      282.7500000000
      307.9007873535
      298.8049926758
      290.6725158691
      287.8934326172
      285.4197082520
      283.3999938965
      283.3999938965
      283.3999938965
      305.0104370117
      297.2344360352
      290.2104492188
      284.9673461914
      282.4967956543
      280.4899902344
      280.4899902344
      280.4899902344
      299.3253784180
      292.5823364258
      286.4287414551
      284.1910705566
      282.3155822754
      280.8000183105
      280.8000183105
      280.8000183105
      299.8555908203
      293.0686340332
      286.8111877441
      284.5057373047
      282.6011657715
      281.0700073242
      281.0700073242
      281.0700073242
      297.7640380859
      291.8488159180
      286.3389892578
      284.2840881348
      282.6093750000
      281.2699890137
      281.2699890137
      281.2699890137
      302.2539367676
      294.8572692871
      287.8965148926
      288.1477355957
      286.3835754395
      284.9800109863
      284.9800109863
      284.9800109863
      307.9876708984
      299.9200439453
      292.2496948242
      291.1973266602
      289.0999450684
      287.4400024414
      287.4400024414
      287.4400024414
      314.1012268066
      304.8016967773
      295.8689880371
      290.4024047852
      287.4524230957
      285.1300048828
      285.1300048828
      285.1300048828
      299.9514770508
      294.8090820312
      289.8186340332
      291.9363098145
      290.9233093262
      290.1300048828
      290.1300048828
      290.1300048828
      296.2061157227
      294.1092224121
      292.0533142090
      284.1970825195
      282.7147216797
      281.5599975586
      281.5599975586
      281.5599975586
      296.4416503906
      291.3335266113
      286.2736206055
      283.6261291504
      282.0225219727
      280.7799987793
      280.7799987793
      280.7799987793
      296.8710327148
      291.3776245117
      285.8800354004
      283.2776489258
      281.5734252930
      280.2600097656
      280.2600097656
      280.2600097656
      298.3782043457
      292.2263488770
      286.0064392090
      284.0355834961
      282.2322998047
      280.8500061035
      280.8500061035
      280.8500061035
      300.6631469727
      293.9725646973
      287.1383972168
      287.9782714844
      286.3735046387
      285.1499938965
      285.1499938965
      285.1499938965
      303.1143798828
      297.0814819336
      290.8556823730
      290.3554077148
      288.7428588867
      287.5199890137
      287.5199890137
      287.5199890137
      298.1634521484
      294.6088562012
      290.9029541016
      285.6139526367
      284.0383605957
      282.8500061035
      282.8500061035
      282.8500061035
      294.8213195801
      290.8455200195
      286.6578979492
      280.2470397949
      278.4145812988
      277.0400085449
      277.0400085449
      277.0400085449
      298.2637634277
      291.2545166016
      283.7961425781
      284.2505493164
      282.4690856934
      281.1400146484
      281.1400146484
      281.1400146484
      302.1094970703
      295.2231445312
      287.8204650879
      291.2180480957
      289.8242187500
      288.7900085449
      288.7900085449
      288.7900085449
      299.6955871582
      296.1343994141
      292.2670898438
      289.8261413574
      288.5740051270
      287.6499938965
      287.6499938965
      287.6499938965
      295.4086914062
      292.8894958496
      290.1257934570
      282.5886230469
      280.9688110352
      279.7799987793
      279.7799987793
      279.7799987793
      295.5331420898
      290.4473266602
      284.8110351562
      281.2545166016
      279.4367675781
      278.1100158691
      278.1100158691
      278.1100158691
      297.3639831543
      291.1835021973
      284.2643432617
      284.5928955078
      282.9572753906
      281.7699890137
      281.7699890137
      281.7699890137
      304.1222839355
      296.9884338379
      288.9208984375
      288.6378479004
      286.6529541016
      285.2200012207
      285.2200012207
      285.2200012207
      303.2552185059
      297.5323486328
      290.9949340820
      288.4159851074
      286.5148925781
      285.1499938965
      285.1499938965
      285.1499938965
      291.5510559082
      289.5316162109
      287.2014770508
      285.5813903809
      284.8162841797
      284.2699890137
      284.2699890137
      284.2699890137
      293.2812194824
      290.4548034668
      287.1606750488
      284.5717163086
      283.4538269043
      282.6600036621
      282.6600036621
      282.6600036621
      298.2309265137
      293.3753662109
      287.6595764160
      286.8777465820
      285.4138183594
      284.3800048828
      284.3800048828
      284.3800048828
      301.8528137207
      296.4359130859
      289.9955139160
      289.4564208984
      287.8548278809
      286.7300109863
      286.7300109863
      286.7300109863
      303.9619750977
      298.6508789062
      292.2734069824
      291.0882568359
      289.4230957031
      288.2600097656
      288.2600097656
      288.2600097656
      294.5557861328
      292.6267089844
      290.2872924805
      287.6679382324
      286.7781066895
      286.1600036621
      286.1600036621
      286.1600036621
      299.1539001465
      295.1956787109
      290.3482055664
      286.7885742188
      285.1866760254
      284.0800170898
      284.0800170898
      284.0800170898
      303.7769470215
      297.8119506836
      290.4350280762
      294.6764221191
      293.4871520996
      292.6700134277
      292.6700134277
      292.6700134277
      303.6553955078
      300.3480529785
      296.2178649902
      289.6340942383
      287.8139038086
      286.5700073242
      286.5700073242
      286.5700073242
      298.3846435547
      294.8484497070
      290.3895568848
      285.8671569824
      284.2375793457
      283.1300048828
      283.1300048828
      283.1300048828
      301.9721374512
      296.3655090332
      289.2276611328
      288.2387084961
      286.4435729980
      285.2300109863
      285.2300109863
      285.2300109863
      308.3076171875
      301.4807434082
      292.7060241699
      292.5107421875
      290.4414062500
      289.0500183105
      289.0500183105
      289.0500183105
      301.1747131348
      297.6088256836
      292.9818725586
      291.1932983398
      289.8849792480
      289.0100097656
      289.0100097656
      289.0100097656
      301.2876586914
      297.6977844238
      292.9956054688
      290.4819641113
      289.0635681152
      288.1199951172
      288.1199951172
      288.1199951172
      306.9251708984
      301.4585571289
      294.2309570312
      291.8217163086
      289.8348083496
      288.5199890137
      288.5199890137
      288.5199890137
      312.0128784180
      305.2229309082
      296.1622924805
      292.9793090820
      290.4710998535
      288.8200073242
      288.8200073242
      288.8200073242
      305.3230590820
      300.5807495117
      294.1941223145
      289.0190124512
      286.8683471680
      285.4599914551
      285.4599914551
      285.4599914551
      301.6680603027
      297.0371398926
      290.7436218262
      287.0591735840
      285.1280517578
      283.8699951172
      283.8699951172
      283.8699951172
      303.2723388672
      297.7602539062
      290.2015991211
      289.3344421387
      287.4872436523
      286.2900085449
      286.2900085449
      286.2900085449
      305.6567382812
      300.1858215332
      292.6166381836
      290.9834594727
      289.0359191895
      287.7799987793
      287.7799987793
      287.7799987793
      305.4151916504
      300.4613647461
      293.5470275879
      288.9265136719
      286.7356872559
      285.3300170898
      285.3300170898
      285.3300170898
      302.1007385254
      297.4159240723
      290.8200988770
      289.9595947266
      288.3424682617
      287.3099975586
      287.3099975586
      287.3099975586
      303.8643188477
      299.2654418945
      292.7349243164
      291.2843017578
      289.6061706543
      288.5400085449
      288.5400085449
      288.5400085449
      307.0334167480
      301.9238586426
      294.6066894531
      293.5426025391
      291.7398376465
      290.6000061035
      290.6000061035
      290.6000061035
      306.5710449219
      302.1821899414
      295.8446655273
      293.8364562988
      292.1323242188
      291.0599975586
      291.0599975586
      291.0599975586
      310.0185852051
      304.8365478516
      297.2921142578
      297.5985717773
      295.9331054688
      294.8900146484
      294.8900146484
      294.8900146484
      314.0610351562
      308.8484802246
      301.1983642578
      296.5134277344
      294.1582641602
      292.6900024414
      292.6900024414
      292.6900024414
      301.6676635742
      299.2393188477
      295.6471557617
      292.3249816895
      291.0692749023
      290.2900085449
      290.2900085449
      290.2900085449
      293.1664123535
      292.3923645020
      291.2384033203
      289.8764648438
      289.4335937500
      289.1600036621
      289.1600036621
      289.1600036621
      291.3874816895
      290.7910766602
      289.8951721191
      288.9177856445
      288.5848083496
      288.3800048828
      288.3800048828
      288.3800048828
      296.7814331055
      294.5429992676
      291.1555175781
      289.7511596680
      288.8016052246
      288.2200012207
      288.2200012207
      288.2200012207
      296.5423583984
      294.3357238770
      290.9720153809
      288.1806030273
      287.0497741699
      286.3600158691
      286.3600158691
      286.3600158691
      300.5282897949
      296.7893981934
      291.0495300293
      290.8482360840
      289.5367431641
      288.7399902344
      288.7399902344
      288.7399902344
      308.1156616211
      303.0262451172
      295.1589965820
      294.4383544922
      292.5827941895
      291.4599914551
      291.4599914551
      291.4599914551
      310.1176757812
      305.2389831543
      297.6466674805
      295.3952636719
      293.3954162598
      292.1900024414
      292.1900024414
      292.1900024414
      314.1370849609
      308.4234924316
      299.4737854004
      297.2715759277
      294.9775695801
      293.6000061035
      293.6000061035
      293.6000061035
      308.0324401855
      304.2912292480
      298.3939514160
      292.7221069336
      290.6373901367
      289.3900146484
      289.3900146484
      289.3900146484
      303.0436706543
      299.5189819336
      293.9290466309
      291.1734924316
      289.5550231934
      288.5899963379
      288.5899963379
      288.5899963379
      307.1224060059
      302.3574829102
      294.7558898926
      292.9783935547
      291.0474853516
      289.8999938965
      289.8999938965
      289.8999938965
      301.8056945801
      298.7564392090
      293.8642272949
      288.6357727051
      286.8360595703
      285.7699890137
      285.7699890137
      285.7699890137
      307.5130920410
      301.9650268555
      293.0151977539
      297.3025817871
      295.9051818848
      295.0800170898
      295.0800170898
      295.0800170898
      302.3479919434
      300.5000610352
      297.5035705566
      288.7815551758
      286.9237976074
      285.8300170898
      285.8300170898
      285.8300170898
      305.3752441406
      300.4227600098
      292.3520507812
      291.4583740234
      289.5502624512
      288.4299926758
      288.4299926758
      288.4299926758
      311.6750793457
      305.8042907715
      296.1917724609
      294.6783752441
      292.3458251953
      290.9800109863
      290.9800109863
      290.9800109863
      308.2668151855
      303.9143371582
      296.7558593750
      292.9849548340
      290.8859558105
      289.6600036621
      289.6600036621
      289.6600036621
      306.2773132324
      302.1056213379
      295.2154846191
      296.4568481445
      295.1067199707
      294.3200073242
      294.3200073242
      294.3200073242
      304.8985290527
      302.2501220703
      297.8585815430
      293.7380676270
      292.2026977539
      291.3099975586
      291.3099975586
      291.3099975586
      310.1877136230
      305.4736633301
      297.6279907227
      295.3648986816
      293.3241271973
      292.1400146484
      292.1400146484
      292.1400146484
      317.0473632812
      310.8424377441
      300.4800720215
      299.2763061523
      296.8279418945
      295.4100036621
      295.4100036621
      295.4100036621
      309.5386962891
      306.0266723633
      300.1430358887
      295.7579956055
      293.8583068848
      292.7600097656
      292.7600097656
      292.7600097656
      305.9189453125
      302.6545104980
      297.1699523926
      293.9284973145
      292.2746887207
      291.3200073242
      291.3200073242
      291.3200073242
      305.7989807129
      302.2135925293
      296.1741333008
      291.9933471680
      290.0882263184
      288.9899902344
      288.9899902344
      288.9899902344
      305.6689453125
      301.5454406738
      294.5835266113
      291.6416015625
      289.7050170898
      288.5899963379
      288.5899963379
      288.5899963379
      305.4590454102
      301.2944030762
      294.2489318848
      292.2283020020
      290.4010009766
      289.3500061035
      289.3500061035
      289.3500061035
      307.8190612793
      303.2648925781
      295.5471801758
      295.3849792480
      293.6671752930
      292.6799926758
      292.6799926758
      292.6799926758
      301.8195800781
      299.5681762695
      295.7473754883
      295.1836242676
      294.2666320801
      293.7399902344
      293.7399902344
      293.7399902344
      307.4894104004
      304.1051330566
      298.3552246094
      294.0693969727
      292.2146301270
      291.1499938965
      291.1499938965
      291.1499938965
      310.7191772461
      305.9052429199
      297.7195434570
      296.8065795898
      294.8835144043
      293.7799987793
      293.7799987793
      293.7799987793
      315.0591430664
      309.8265380859
      300.9241333008
      303.0603027344
      301.4016418457
      300.4500122070
      300.4500122070
      300.4500122070
      318.3092956543
      313.9183654785
      306.4461975098
      297.8176879883
      294.9851684570
      293.3600158691
      293.3600158691
      293.3600158691
      300.2797241211
      298.5783386230
      295.6832580566
      287.7792968750
      286.0515136719
      285.0599975586
      285.0599975586
      285.0599975586
      301.6193237305
      297.5467834473
      290.6193847656
      289.1685485840
      287.4478759766
      286.4599914551
      286.4599914551
      286.4599914551
      305.5491943359
      300.8522644043
      292.8681030273
      292.9260864258
      291.1819152832
      290.1799926758
      290.1799926758
      290.1799926758
      307.1992492676
      303.0087890625
      295.8924560547
      293.8204650879
      291.9724121094
      290.9100036621
      290.9100036621
      290.9100036621
      307.2192077637
      303.2000427246
      296.3831481934
      293.9472351074
      292.1145324707
      291.0599975586
      291.0599975586
      291.0599975586
      306.7191772461
      302.8559875488
      296.3138122559
      290.9175109863
      288.7364196777
      287.4800109863
      287.4800109863
      287.4800109863
      306.2988891602
      301.6501464844
      293.7922668457
      289.8815002441
      287.6164550781
      286.3099975586
      286.3099975586
      286.3099975586
      307.3786010742
      302.1663208008
      293.3746948242
      294.5671691895
      292.8004760742
      291.7799987793
      291.7799987793
      291.7799987793
      315.7381896973
      309.8009643555
      299.8108520508
      296.1347351074
      293.4330749512
      291.8699951172
      291.8699951172
      291.8699951172
      302.7790527344
      300.0704956055
      295.5253295898
      290.1068115234
      288.3615417480
      287.3500061035
      287.3500061035
      287.3500061035
      306.5481262207
      301.7714843750
      293.7799987793
