        1.2556741238
        1.2556741238
        3.7670223713
        3.7670223713
        3.7670223713
        3.7670223713
        3.7670223713
        1.2556741238
        0.9931700230
        0.9931700230
        2.9795100689
        2.9795100689
        2.9795100689
        2.9795100689
        2.9795100689
        0.9931700230
        1.7532501221
        1.7532501221
        5.2597503662
        5.2597503662
        5.2597503662
        5.2597503662
        5.2597503662
        1.7532501221
        1.4323468208
        1.4323468208
        4.2970404625
        4.2970404625
        4.2970404625
        4.2970404625
        4.2970404625
        1.4323468208
        1.4036676884
        1.4036676884
        4.2110028267
        4.2110028267
        4.2110028267
        4.2110028267
        4.2110028267
        1.4036676884
        1.6382998228
        1.6382998228
        4.9148993492
        4.9148993492
        4.9148993492
        4.9148993492
        4.9148993492
        1.6382998228
        1.3463459015
        1.3463459015
        4.0390377045
        4.0390377045
        4.0390377045
        4.0390377045
        4.0390377045
        1.3463459015
        1.2005692720
        1.2005692720
        3.6017076969
        3.6017076969
        3.6017076969
        3.6017076969
        3.6017076969
        1.2005692720
        1.2011648417
        1.2011648417
        3.6034946442
        3.6034946442
        3.6034946442
        3.6034946442
        3.6034946442
        1.2011648417
        1.3190385103
        1.3190385103
        3.9571154118
        3.9571154118
        3.9571154118
        3.9571154118
        3.9571154118
        1.3190385103
        1.2317738533
        1.2317738533
        3.6953213215
        3.6953213215
        3.6953213215
        3.6953213215
        3.6953213215
        1.2317738533
        1.5259213448
        1.5259213448
        4.5777640343
        4.5777640343
        4.5777640343
        4.5777640343
        4.5777640343
        1.5259213448
        1.2625676394
        1.2625676394
        3.7877030373
        3.7877030373
        3.7877030373
        3.7877030373
        3.7877030373
        1.2625676394
        1.3514858484
        1.3514858484
        4.0544576645
        4.0544576645
        4.0544576645
        4.0544576645
        4.0544576645
        1.3514858484
        1.1171579361
        1.1171579361
        3.3514738083
        3.3514738083
        3.3514738083
        3.3514738083
        3.3514738083
        1.1171579361
        0.8825498223
        0.8825498223
        2.6476495266
        2.6476495266
        2.6476495266
        2.6476495266
        2.6476495266
        0.8825498223
        0.9420293570
        0.9420293570
        2.8260879517
        2.8260879517
        2.8260879517
        2.8260879517
        2.8260879517
        0.9420293570
        1.0310702324
        1.0310702324
        3.0932109356
        3.0932109356
        3.0932109356
        3.0932109356
        3.0932109356
        1.0310702324
        1.2087012529
        1.2087012529
        3.6261038780
        3.6261038780
        3.6261038780
        3.6261038780
        3.6261038780
        1.2087012529
        1.2981103659
        1.2981103659
        3.8943312168
        3.8943312168
        3.8943312168
        3.8943312168
        3.8943312168
        1.2981103659
        1.3286297321
        1.3286297321
        3.9858891964
        3.9858891964
        3.9858891964
        3.9858891964
        3.9858891964
        1.3286297321
        1.7433494329
        1.7433494329
        5.2300481796
        5.2300481796
        5.2300481796
        5.2300481796
        5.2300481796
        1.7433494329
        1.3603153229
        1.3603153229
        4.0809459686
        4.0809459686
        4.0809459686
        4.0809459686
        4.0809459686
        1.3603153229
        1.2726459503
        1.2726459503
        3.8179376125
        3.8179376125
        3.8179376125
        3.8179376125
        3.8179376125
        1.2726459503
        1.3329595327
        1.3329595327
        3.9988784790
        3.9988784790
        3.9988784790
        3.9988784790
        3.9988784790
        1.3329595327
        1.4823385477
        1.4823385477
        4.4470157623
        4.4470157623
        4.4470157623
        4.4470157623
        4.4470157623
        1.4823385477
        1.3056012392
        1.3056012392
        3.9168038368
        3.9168038368
        3.9168038368
        3.9168038368
        3.9168038368
        1.3056012392
        1.4849628210
        1.4849628210
        4.4548888206
        4.4548888206
        4.4548888206
        4.4548888206
        4.4548888206
        1.4849628210
        1.0701456070
        1.0701456070
        3.2104368210
        3.2104368210
        3.2104368210
        3.2104368210
        3.2104368210
        1.0701456070
        0.7735981345
        0.7735981345
        2.3207943439
        2.3207943439
        2.3207943439
        2.3207943439
        2.3207943439
        0.7735981345
        0.7147623897
        0.7147623897
        2.1442871094
        2.1442871094
        2.1442871094
        2.1442871094
        2.1442871094
        0.7147623897
        0.8048761487
        0.8048761487
        2.4146282673
        2.4146282673
        2.4146282673
        2.4146282673
        2.4146282673
        0.8048761487
        0.8653352261
        0.8653352261
        2.5960056782
        2.5960056782
        2.5960056782
        2.5960056782
        2.5960056782
        0.8653352261
        1.0752663612
        1.0752663612
        3.2257988453
        3.2257988453
        3.2257988453
        3.2257988453
        3.2257988453
        1.0752663612
        1.5846104622
        1.5846104622
        4.7538313866
        4.7538313866
        4.7538313866
        4.7538313866
        4.7538313866
        1.5846104622
        1.6161407232
        1.6161407232
        4.8484220505
        4.8484220505
        4.8484220505
        4.8484220505
        4.8484220505
        1.6161407232
        1.6177948713
        1.6177948713
        4.8533849716
        4.8533849716
        4.8533849716
        4.8533849716
        4.8533849716
        1.6177948713
        1.2595882416
        1.2595882416
        3.7787647247
        3.7787647247
        3.7787647247
        3.7787647247
        3.7787647247
        1.2595882416
        1.3509727716
        1.3509727716
        4.0529184341
        4.0529184341
        4.0529184341
        4.0529184341
        4.0529184341
        1.3509727716
        2.0436320305
        2.0436320305
        6.1308960915
        6.1308960915
        6.1308960915
        6.1308960915
        6.1308960915
        2.0436320305
        1.7750488520
        1.7750488520
        5.3251466751
        5.3251466751
        5.3251466751
        5.3251466751
        5.3251466751
        1.7750488520
        1.7468491793
        1.7468491793
        5.2405476570
        5.2405476570
        5.2405476570
        5.2405476570
        5.2405476570
        1.7468491793
        1.4773966074
        1.4773966074
        4.4321899414
        4.4321899414
        4.4321899414
        4.4321899414
        4.4321899414
        1.4773966074
        1.0564450026
        1.0564450026
        3.1693351269
        3.1693351269
        3.1693351269
        3.1693351269
        3.1693351269
        1.0564450026
        1.0576181412
        1.0576181412
        3.1728544235
        3.1728544235
        3.1728544235
        3.1728544235
        3.1728544235
        1.0576181412
        0.9377962947
        0.9377962947
        2.8133888245
        2.8133888245
        2.8133888245
        2.8133888245
        2.8133888245
        0.9377962947
        0.9691400528
        0.9691400528
        2.9074201584
        2.9074201584
        2.9074201584
        2.9074201584
        2.9074201584
        0.9691400528
        1.0915218592
        1.0915218592
        3.2745656967
        3.2745656967
        3.2745656967
        3.2745656967
        3.2745656967
        1.0915218592
        1.2445454597
        1.2445454597
        3.7336361408
        3.7336361408
        3.7336361408
        3.7336361408
        3.7336361408
        1.2445454597
        1.5802671909
        1.5802671909
        4.7408013344
        4.7408013344
        4.7408013344
        4.7408013344
        4.7408013344
        1.5802671909
        1.2778502703
        1.2778502703
        3.8335509300
        3.8335509300
        3.8335509300
        3.8335509300
        3.8335509300
        1.2778502703
        1.0051970482
        1.0051970482
        3.0155911446
        3.0155911446
        3.0155911446
        3.0155911446
        3.0155911446
        1.0051970482
        1.3418362141
        1.3418362141
        4.0255088806
        4.0255088806
        4.0255088806
        4.0255088806
        4.0255088806
        1.3418362141
        1.4960815907
        1.4960815907
        4.4882445335
        4.4882445335
        4.4882445335
        4.4882445335
        4.4882445335
        1.4960815907
        1.1310348511
        1.1310348511
        3.3931045532
        3.3931045532
        3.3931045532
        3.3931045532
        3.3931045532
        1.1310348511
        1.9281128645
        1.9281128645
        5.7843384743
        5.7843384743
        5.7843384743
        5.7843384743
        5.7843384743
        1.9281128645
        1.5014401674
        1.5014401674
        4.5043206215
        4.5043206215
        4.5043206215
        4.5043206215
        4.5043206215
        1.5014401674
        1.1351052523
        1.1351052523
        3.4053156376
        3.4053156376
        3.4053156376
        3.4053156376
        3.4053156376
        1.1351052523
        1.1057615280
        1.1057615280
        3.3172848225
        3.3172848225
        3.3172848225
        3.3172848225
        3.3172848225
        1.1057615280
        1.1378564835
        1.1378564835
        3.4135694504
        3.4135694504
        3.4135694504
        3.4135694504
        3.4135694504
        1.1378564835
        1.8474205732
        1.8474205732
        5.5422616005
        5.5422616005
        5.5422616005
        5.5422616005
        5.5422616005
        1.8474205732
        1.6647112370
        1.6647112370
        4.9941334724
        4.9941334724
        4.9941334724
        4.9941334724
        4.9941334724
        1.6647112370
        0.9259740710
        0.9259740710
        2.7779221535
        2.7779221535
        2.7779221535
        2.7779221535
        2.7779221535
        0.9259740710
        1.4524779320
        1.4524779320
        4.3574337959
        4.3574337959
        4.3574337959
        4.3574337959
        4.3574337959
        1.4524779320
        1.3923867941
        1.3923867941
        4.1771602631
        4.1771602631
        4.1771602631
        4.1771602631
        4.1771602631
        1.3923867941
        1.3941102028
        1.3941102028
        4.1823306084
        4.1823306084
        4.1823306084
        4.1823306084
        4.1823306084
        1.3941102028
        1.5819522142
        1.5819522142
        4.7458567619
        4.7458567619
        4.7458567619
        4.7458567619
        4.7458567619
        1.5819522142
        1.3975766897
        1.3975766897
        4.1927299500
        4.1927299500
        4.1927299500
        4.1927299500
        4.1927299500
        1.3975766897
        1.0261673927
        1.0261673927
        3.0785021782
        3.0785021782
        3.0785021782
        3.0785021782
        3.0785021782
        1.0261673927
        1.2765281200
        1.2765281200
        3.8295845985
        3.8295845985
        3.8295845985
        3.8295845985
        3.8295845985
        1.2765281200
        1.9639500380
        1.9639500380
        5.8918499947
        5.8918499947
        5.8918499947
        5.8918499947
        5.8918499947
        1.9639500380
        1.0300258398
        1.0300258398
        3.0900776386
        3.0900776386
        3.0900776386
        3.0900776386
        3.0900776386
        1.0300258398
        1.0625717640
        1.0625717640
        3.1877155304
        3.1877155304
        3.1877155304
        3.1877155304
        3.1877155304
        1.0625717640
        1.0013257265
        1.0013257265
        3.0039770603
        3.0039770603
        3.0039770603
        3.0039770603
        3.0039770603
        1.0013257265
        0.7519402504
        0.7519402504
        2.2558207512
        2.2558207512
        2.2558207512
        2.2558207512
        2.2558207512
        0.7519402504
        1.1607033014
        1.1607033014
        3.4821097851
        3.4821097851
        3.4821097851
        3.4821097851
        3.4821097851
        1.1607033014
        1.1307585239
        1.1307585239
        3.3922755718
        3.3922755718
        3.3922755718
        3.3922755718
        3.3922755718
        1.1307585239
        0.8491405249
        0.8491405249
        2.5474216938
        2.5474216938
        2.5474216938
        2.5474216938
        2.5474216938
        0.8491405249
        0.9446825981
        0.9446825981
        2.8340477943
        2.8340477943
        2.8340477943
        2.8340477943
        2.8340477943
        0.9446825981
        0.9143486023
        0.9143486023
        0.9143486023
        2.7430458069
        2.7430458069
        2.7430458069
        0.9143486023
        0.9143486023
        1.0733519793
        1.0733519793
        1.0733519793
        3.2200558186
        3.2200558186
        3.2200558186
        1.0733519793
        1.0733519793
        1.4540209770
        1.4540209770
        1.4540209770
        4.3620629311
        4.3620629311
        4.3620629311
        1.4540209770
        1.4540209770
        1.1393706799
        1.1393706799
        1.1393706799
        3.4181120396
        3.4181120396
        3.4181120396
        1.1393706799
        1.1393706799
        0.6971640587
        0.6971640587
        0.6971640587
        2.0914921761
        2.0914921761
        2.0914921761
        0.6971640587
        0.6971640587
        0.4759411812
        0.4759411812
        0.4759411812
        1.4278235435
        1.4278235435
        1.4278235435
        0.4759411812
        0.4759411812
        0.6036221981
        0.6036221981
        0.6036221981
        1.8108665943
        1.8108665943
        1.8108665943
        0.6036221981
        0.6036221981
        0.9542940855
        0.9542940855
        0.9542940855
        2.8628821373
        2.8628821373
        2.8628821373
        0.9542940855
        0.9542940855
        0.8599512577
        0.8599512577
        0.8599512577
        2.5798537731
        2.5798537731
        2.5798537731
        0.8599512577
        0.8599512577
        0.6696965694
        0.6696965694
        0.6696965694
        2.0090897083
        2.0090897083
        2.0090897083
        0.6696965694
        0.6696965694
        0.6066814065
        0.6066814065
        0.6066814065
        1.8200442791
        1.8200442791
        1.8200442791
        0.6066814065
        0.6066814065
        1.1189813614
        1.1189813614
        1.1189813614
        3.3569443226
        3.3569443226
        3.3569443226
        1.1189813614
        1.1189813614
        0.8322912455
        0.8322912455
        0.8322912455
        2.4968738556
        2.4968738556
        2.4968738556
        0.8322912455
        0.8322912455
        1.1218026876
        1.1218026876
        1.1218026876
        3.3654081821
        3.3654081821
        3.3654081821
        1.1218026876
        1.1218026876
        1.3799475431
        1.3799475431
        1.3799475431
        4.1398425102
        4.1398425102
        4.1398425102
        1.3799475431
        1.3799475431
        1.6387364864
        1.6387364864
        1.6387364864
        4.9162092209
        4.9162092209
        4.9162092209
        1.6387364864
        1.6387364864
        1.2868940830
        1.2868940830
        1.2868940830
        3.8606822491
        3.8606822491
        3.8606822491
        1.2868940830
        1.2868940830
        1.0952279568
        1.0952279568
        1.0952279568
        3.2856836319
        3.2856836319
        3.2856836319
        1.0952279568
        1.0952279568
        0.8385724425
        0.8385724425
        0.8385724425
        2.5157172680
        2.5157172680
        2.5157172680
        0.8385724425
        0.8385724425
        0.8396164775
        0.8396164775
        0.8396164775
        2.5188496113
        2.5188496113
        2.5188496113
        0.8396164775
        0.8396164775
        1.1963229179
        1.1963229179
        1.1963229179
        3.5889687538
        3.5889687538
        3.5889687538
        1.1963229179
        1.1963229179
        3.6257870197
        3.6257870197
        3.6257870197
       10.8773612976
       10.8773612976
       10.8773612976
        3.6257870197
        3.6257870197
        0.7130877972
        0.7130877972
        0.7130877972
        2.1392633915
        2.1392633915
        2.1392633915
        0.7130877972
        0.7130877972
        0.8113246560
        0.8113246560
        0.8113246560
        2.4339737892
        2.4339737892
        2.4339737892
        0.8113246560
        0.8113246560
        0.6173633933
        0.6173633933
        0.6173633933
        1.8520901203
        1.8520901203
        1.8520901203
        0.6173633933
        0.6173633933
        0.5530530810
        0.5530530810
        0.5530530810
        1.6591593027
        1.6591593027
        1.6591593027
        0.5530530810
        0.5530530810
        0.8143040538
        0.8143040538
        0.8143040538
        2.4429121017
        2.4429121017
        2.4429121017
        0.8143040538
        0.8143040538
        0.7174568772
        0.7174568772
        0.7174568772
        2.1523706913
        2.1523706913
        2.1523706913
        0.7174568772
        0.7174568772
        0.7509745955
        0.7509745955
        0.7509745955
        2.2529237270
        2.2529237270
        2.2529237270
        0.7509745955
        0.7509745955
        0.9480194449
        0.9480194449
        0.9480194449
        2.8440582752
        2.8440582752
        2.8440582752
        0.9480194449
        0.9480194449
        1.5710132122
        1.5710132122
        1.5710132122
        4.7130393982
        4.7130393982
        4.7130393982
        1.5710132122
        1.5710132122
        1.4090412855
        1.4090412855
        1.4090412855
        4.2271237373
        4.2271237373
        4.2271237373
        1.4090412855
        1.4090412855
        1.3122879267
        1.3122879267
        1.3122879267
        3.9368638992
        3.9368638992
        3.9368638992
        1.3122879267
        1.3122879267
        1.1824493408
        1.1824493408
        1.1824493408
        3.5473480225
        3.5473480225
        3.5473480225
        1.1824493408
        1.1824493408
        1.3482540846
        1.3482540846
        1.3482540846
        4.0447621346
        4.0447621346
        4.0447621346
        1.3482540846
        1.3482540846
        0.9876742959
        0.9876742959
        0.9876742959
        2.9630229473
        2.9630229473
        2.9630229473
        0.9876742959
        0.9876742959
        0.7910517454
        0.7910517454
        0.7910517454
        2.3731553555
        2.3731553555
        2.3731553555
        0.7910517454
        0.7910517454
        1.3199310303
        1.3199310303
        1.3199310303
        3.9597930908
        3.9597930908
        3.9597930908
        1.3199310303
        1.3199310303
        1.3214329481
        1.3214329481
        1.3214329481
        3.9642987251
        3.9642987251
        3.9642987251
        1.3214329481
        1.3214329481
        1.1906321049
        1.1906321049
        1.1906321049
        3.5718963146
        3.5718963146
        3.5718963146
        1.1906321049
        1.1906321049
        1.4237359762
        1.4237359762
        1.4237359762
        4.2712078094
        4.2712078094
        4.2712078094
        1.4237359762
        1.4237359762
        0.9944064617
        0.9944064617
        0.9944064617
        2.9832193851
        2.9832193851
        2.9832193851
        0.9944064617
        0.9944064617
        0.6968498230
        0.6968498230
        0.6968498230
        2.0905494690
        2.0905494690
        2.0905494690
        0.6968498230
        0.6968498230
        0.7308281064
        0.7308281064
        0.7308281064
        2.1924843788
        2.1924843788
        2.1924843788
        0.7308281064
        0.7308281064
        0.8313814998
        0.8313814998
        0.8313814998
        2.4941446781
        2.4941446781
        2.4941446781
        0.8313814998
        0.8313814998
        1.2983381748
        1.2983381748
        1.2983381748
        3.8950145245
        3.8950145245
        3.8950145245
        1.2983381748
        1.2983381748
        0.8664713502
        0.8664713502
        0.8664713502
        2.5994141102
        2.5994141102
        2.5994141102
        0.8664713502
        0.8664713502
        0.8340136409
        0.8340136409
        0.8340136409
        2.5020408630
        2.5020408630
        2.5020408630
        0.8340136409
        0.8340136409
        0.6678975224
        0.6678975224
        0.6678975224
        2.0036926270
        2.0036926270
        2.0036926270
        0.6678975224
        0.6678975224
        0.7354335785
        0.7354335785
        0.7354335785
        2.2063007355
        2.2063007355
        2.2063007355
        0.7354335785
        0.7354335785
        0.6692458391
        0.6692458391
        0.6692458391
        2.0077376366
        2.0077376366
        2.0077376366
        0.6692458391
        0.6692458391
        1.0718510151
        1.0718510151
        1.0718510151
        3.2155528069
        3.2155528069
        3.2155528069
        1.0718510151
        1.0718510151
        2.1793153286
        2.1793153286
        2.1793153286
        6.5379462242
        6.5379462242
        6.5379462242
        2.1793153286
        2.1793153286
        1.5102016926
        1.5102016926
        1.5102016926
        4.5306053162
        4.5306053162
        4.5306053162
        1.5102016926
        1.5102016926
        1.0749326944
        1.0749326944
        1.0749326944
        3.2247979641
        3.2247979641
        3.2247979641
        1.0749326944
        1.0749326944
        0.7060775161
        0.7060775161
        0.7060775161
        2.1182324886
        2.1182324886
        2.1182324886
        0.7060775161
        0.7060775161
        0.6057593226
        0.6057593226
        0.6057593226
        1.8172779083
        1.8172779083
        1.8172779083
        0.6057593226
        0.6057593226
        0.7073493004
        0.7073493004
        0.7073493004
        2.1220479012
        2.1220479012
        2.1220479012
        0.7073493004
        0.7073493004
        0.7753928304
        0.7753928304
        0.7753928304
        2.3261785507
        2.3261785507
        2.3261785507
        0.7753928304
        0.7753928304
        0.8435392976
        0.8435392976
        0.8435392976
        2.5306179523
        2.5306179523
        2.5306179523
        0.8435392976
        0.8435392976
        0.7767055035
        0.7767055035
        0.7767055035
        2.3301165104
        2.3301165104
        2.3301165104
        0.7767055035
        0.7767055035
        0.8787325621
        0.8787325621
        0.8787325621
        2.6361975670
        2.6361975670
        2.6361975670
        0.8787325621
        0.8787325621
        0.8456090689
        0.8456090689
        0.8456090689
        2.5368270874
        2.5368270874
        2.5368270874
        0.8456090689
        0.8456090689
        0.6093116999
        0.6093116999
        0.6093116999
        1.8279350996
        1.8279350996
        1.8279350996
        0.6093116999
        0.6093116999
        0.5081439018
        0.5081439018
        0.5081439018
        1.5244315863
        1.5244315863
        1.5244315863
        0.5081439018
        0.5081439018
        0.7458255887
        0.7458255887
        0.7458255887
        2.2374765873
        2.2374765873
        2.2374765873
        0.7458255887
        0.7458255887
        1.0177602768
        1.0177602768
        1.0177602768
        3.0532808304
        3.0532808304
        3.0532808304
        1.0177602768
        1.0177602768
        1.2221561670
        1.2221561670
        1.2221561670
        3.6664686203
        3.6664686203
        3.6664686203
        1.2221561670
        1.2221561670
        1.0870870352
        1.0870870352
        1.0870870352
        3.2612612247
        3.2612612247
        3.2612612247
        1.0870870352
        1.0870870352
        1.1897683144
        1.1897683144
        1.1897683144
        3.5693051815
        3.5693051815
        3.5693051815
        1.1897683144
        1.1897683144
        1.0544496775
        1.0544496775
        1.0544496775
        3.1633489132
        3.1633489132
        3.1633489132
        1.0544496775
        1.0544496775
        1.2252533436
        1.2252533436
        1.2252533436
        3.6757600307
        3.6757600307
        3.6757600307
        1.2252533436
        1.2252533436
        0.9875748158
        0.9875748158
        0.9875748158
        2.9627244473
        2.9627244473
        2.9627244473
        0.9875748158
        0.9875748158
        0.8858966827
        0.8858966827
        0.8858966827
        2.6576900482
        2.6576900482
        2.6576900482
        0.8858966827
        0.8858966827
        0.7499963641
        0.7499963641
        0.7499963641
        2.2499890327
        2.2499890327
        2.2499890327
        0.7499963641
        0.7499963641
        3.8882734776
        3.8882734776
        3.8882734776
       11.6648206711
       11.6648206711
       11.6648206711
        3.8882734776
        3.8882734776
        0.8872161508
        0.8872161508
        0.8872161508
        2.6616482735
        2.6616482735
        2.6616482735
        0.8872161508
        0.8872161508
        0.7851932049
        0.7851932049
        0.7851932049
        2.3555796146
        2.3555796146
        2.3555796146
        0.7851932049
        0.7851932049
        0.7855203748
        0.7855203748
        0.7855203748
        2.3565611839
        2.3565611839
        2.3565611839
        0.7855203748
        0.7855203748
        0.5466617346
        0.5466617346
        0.5466617346
        1.6399852037
        1.6399852037
        1.6399852037
        0.5466617346
        0.5466617346
        0.7519319654
        0.7519319654
        0.7519319654
        2.2557959557
        2.2557959557
        2.2557959557
        0.7519319654
        0.7519319654
        1.3334155083
        1.3334155083
        1.3334155083
        4.0002465248
        4.0002465248
        4.0002465248
        1.3334155083
        1.3334155083
        1.0260180235
        1.0260180235
        1.0260180235
        3.0780539513
        3.0780539513
        3.0780539513
        1.0260180235
        1.0260180235
        0.6157816052
        0.6157816052
        0.6157816052
        1.8473448753
        1.8473448753
        1.8473448753
        0.6157816052
        0.6157816052
        1.1634327173
        1.1634327173
        1.1634327173
        3.4902980328
        3.4902980328
        3.4902980328
        1.1634327173
        1.1634327173
        1.5744026899
        1.5744026899
        1.5744026899
        4.7232079506
        4.7232079506
        4.7232079506
        1.5744026899
        1.5744026899
        1.3350749016
        1.3350749016
        1.3350749016
        4.0052247047
        4.0052247047
        4.0052247047
        1.3350749016
        1.3350749016
        0.8217177391
        0.8217177391
        0.8217177391
        2.4651532173
        2.4651532173
        2.4651532173
        0.8217177391
        0.8217177391
        0.6848557591
        0.6848557591
        0.6848557591
        2.0545673370
        2.0545673370
        2.0545673370
        0.6848557591
        0.6848557591
        1.0958826542
        1.0958826542
        1.0958826542
        3.2876479626
        3.2876479626
        3.2876479626
        1.0958826542
        1.0958826542
        1.0274660587
        1.0274660587
        1.0274660587
        3.0823984146
        3.0823984146
        3.0823984146
        1.0274660587
        1.0274660587
        1.6782693863
        1.6782693863
        1.6782693863
        5.0348081589
        5.0348081589
        5.0348081589
        1.6782693863
        1.6782693863
        1.6782946587
        1.6782946587
        1.6782946587
        5.0348839760
        5.0348839760
        5.0348839760
        1.6782946587
        1.6782946587
        1.2672654390
        1.2672654390
        1.2672654390
        3.8017961979
        3.8017961979
        3.8017961979
        1.2672654390
        1.2672654390
        0.8904715776
        0.8904715776
        0.8904715776
        2.6714148521
        2.6714148521
        2.6714148521
        0.8904715776
        0.8904715776
        0.6849278808
        0.6849278808
        0.6849278808
        2.0547835827
        2.0547835827
        2.0547835827
        0.6849278808
        0.6849278808
        0.6506145597
        0.6506145597
        0.6506145597
        1.9518437386
        1.9518437386
        1.9518437386
        0.6506145597
        0.6506145597
        0.6847669482
        0.6847669482
        0.6847669482
        2.0543007851
        2.0543007851
        2.0543007851
        0.6847669482
        0.6847669482
        1.0269848108
        1.0269848108
        1.0269848108
        3.0809543133
        3.0809543133
        3.0809543133
        1.0269848108
        1.0269848108
        1.1294682026
        1.1294682026
        1.1294682026
        3.3884046078
        3.3884046078
        3.3884046078
        1.1294682026
        1.1294682026
        0.9239078760
        0.9239078760
        0.9239078760
        2.7717235088
        2.7717235088
        2.7717235088
        0.9239078760
        0.9239078760
        0.8210479021
        0.8210479021
        0.8210479021
        2.4631438255
        2.4631438255
        2.4631438255
        0.8210479021
        0.8210479021
        1.1628298759
        1.1628298759
        1.1628298759
        3.4884896278
        3.4884896278
        3.4884896278
        1.1628298759
        1.1628298759
        1.4701900482
        1.4701900482
        1.4701900482
        4.4105701447
        4.4105701447
        4.4105701447
        1.4701900482
        1.4701900482
        1.1279103756
        1.1279103756
        1.1279103756
        3.3837311268
        3.3837311268
        3.3837311268
        1.1279103756
        1.1279103756
        0.9908370972
        0.9908370972
        0.9908370972
        2.9725112915
        2.9725112915
        2.9725112915
        0.9908370972
        0.9908370972
        2.0150601864
        2.0150601864
        2.0150601864
        6.0451803207
        6.0451803207
        6.0451803207
        2.0150601864
        2.0150601864
        1.1607398987
        1.1607398987
        1.1607398987
        3.4822196960
        3.4822196960
        3.4822196960
        1.1607398987
        1.1607398987
        0.8531087637
        0.8531087637
        0.8531087637
        2.5593264103
        2.5593264103
        2.5593264103
        0.8531087637
        0.8531087637
        1.3984445333
        1.3984445333
        1.3984445333
        4.1953334808
        4.1953334808
        4.1953334808
        1.3984445333
        1.3984445333
        1.0568388700
        1.0568388700
        1.0568388700
        3.1705167294
        3.1705167294
        3.1705167294
        1.0568388700
        1.0568388700
        0.7496255636
        0.7496255636
        0.7496255636
        2.2488765717
        2.2488765717
        2.2488765717
        0.7496255636
        0.7496255636
        1.3281586170
        1.3281586170
        1.3281586170
        3.9844760895
        3.9844760895
        3.9844760895
        1.3281586170
        1.3281586170
        1.1912592649
        1.1912592649
        1.1912592649
        3.5737779140
        3.5737779140
        3.5737779140
        1.1912592649
        1.1912592649
        1.0204739571
        1.0204739571
        1.0204739571
        3.0614218712
        3.0614218712
        3.0614218712
        1.0204739571
        1.0204739571
        1.5977562666
        1.5977562666
        1.5977562666
        4.7932686806
        4.7932686806
        4.7932686806
        1.5977562666
        1.5977562666
        1.4268680811
        1.4268680811
        1.4268680811
        4.2806043625
        4.2806043625
        4.2806043625
        1.4268680811
        1.4268680811
        0.9506145716
        0.9506145716
        0.9506145716
        2.8518435955
        2.8518435955
        2.8518435955
        0.9506145716
        0.9506145716
        1.1535263062
        1.1535263062
        1.1535263062
        3.4605789185
        3.4605789185
        3.4605789185
        1.1535263062
        1.1535263062
        1.8985813856
        1.8985813856
        1.8985813856
        5.6957440376
        5.6957440376
        5.6957440376
        1.8985813856
        1.8985813856
        1.5922906399
        1.5922906399
        1.5922906399
        4.7768716812
        4.7768716812
        4.7768716812
        1.5922906399
        1.5922906399
        1.1510058641
        1.1510058641
        1.1510058641
        3.4530177116
        3.4530177116
        3.4530177116
        1.1510058641
        1.1510058641
        1.1162921190
        1.1162921190
        1.1162921190
        3.3488762379
        3.3488762379
        3.3488762379
        1.1162921190
        1.1162921190
        0.8788076639
        0.8788076639
        0.8788076639
        2.6364231110
        2.6364231110
        2.6364231110
        0.8788076639
        0.8788076639
        1.3171440363
        1.3171440363
        1.3171440363
        3.9514322281
        3.9514322281
        3.9514322281
        1.3171440363
        1.3171440363
        1.2148175240
        1.2148175240
        1.2148175240
        3.6444525719
        3.6444525719
        3.6444525719
        1.2148175240
        1.2148175240
        1.3486537933
        1.3486537933
        1.3486537933
        4.0459613800
        4.0459613800
        4.0459613800
        1.3486537933
        1.3486537933
        1.2464255095
        1.2464255095
        1.2464255095
        3.7392764091
        3.7392764091
        3.7392764091
        1.2464255095
        1.2464255095
        1.0097233057
        1.0097233057
        1.0097233057
        3.0291700363
        3.0291700363
        3.0291700363
        1.0097233057
        1.0097233057
        0.9751878977
        0.9751878977
        0.9751878977
        2.9255635738
        2.9255635738
        2.9255635738
        0.9751878977
        0.9751878977
        0.8735055923
        0.8735055923
        0.8735055923
        2.6205167770
        2.6205167770
        2.6205167770
        0.8735055923
        0.8735055923
        0.7048664093
        0.7048664093
        0.7048664093
        2.1145992279
        2.1145992279
        2.1145992279
        0.7048664093
        0.7048664093
        0.6706655025
        0.6706655025
        0.6706655025
        2.0119965076
        2.0119965076
        2.0119965076
        0.6706655025
        0.6706655025
        0.6365193129
        0.6365193129
        0.6365193129
        1.9095578194
        1.9095578194
        1.9095578194
        0.6365193129
        0.6365193129
        0.7028343081
        0.7028343081
        0.7028343081
        2.1085028648
        2.1085028648
        2.1085028648
        0.7028343081
        0.7028343081
        1.7051929235
        1.7051929235
        1.7051929235
        5.1155786514
        5.1155786514
        5.1155786514
        1.7051929235
        1.7051929235
        0.8684413433
        0.8684413433
        0.8684413433
        2.6053240299
        2.6053240299
        2.6053240299
        0.8684413433
        0.8684413433
        0.8341907263
        0.8341907263
        0.8341907263
        2.5025720596
        2.5025720596
        2.5025720596
        0.8341907263
        0.8341907263
        0.8666653037
        0.8666653037
        0.8666653037
        2.5999958515
        2.5999958515
        2.5999958515
        0.8666653037
        0.8666653037
        1.1654499769
        1.1654499769
        1.1654499769
        3.4963498116
        3.4963498116
        3.4963498116
        1.1654499769
        1.1654499769
        0.9646416903
        0.9646416903
        0.9646416903
        2.8939251900
        2.8939251900
        2.8939251900
        0.9646416903
        0.9646416903
        0.7642465830
        0.7642465830
        0.7642465830
        2.2927396297
        2.2927396297
        2.2927396297
        0.7642465830
        0.7642465830
        0.9293870926
        0.9293870926
        0.9293870926
        2.7881612778
        2.7881612778
        2.7881612778
        0.9293870926
        0.9293870926
        0.9283785820
        0.9283785820
        0.9283785820
        2.7851357460
        2.7851357460
        2.7851357460
        0.9283785820
        0.9283785820
        0.9604820609
        0.9604820609
        0.9604820609
        2.8814461231
        2.8814461231
        2.8814461231
        0.9604820609
        0.9604820609
        0.7940037847
        0.7940037847
        0.7940037847
        2.3820111752
        2.3820111752
        2.3820111752
        0.7940037847
        0.7940037847
        0.4626531005
        0.4626531005
        0.4626531005
        1.3879592419
        1.3879592419
        1.3879592419
        0.4626531005
        0.4626531005
        0.7262104154
        0.7262104154
        0.7262104154
        2.1786313057
        2.1786313057
        2.1786313057
        0.7262104154
        0.7262104154
        1.2859175205
        1.2859175205
        1.2859175205
        3.8577525616
        3.8577525616
        3.8577525616
        1.2859175205
        1.2859175205
        1.4820617437
        1.4820617437
        1.4820617437
        4.4461851120
        4.4461851120
        4.4461851120
        1.4820617437
        1.4820617437
        0.8553209305
        0.8553209305
        0.8553209305
        2.5659627914
        2.5659627914
        2.5659627914
        0.8553209305
        0.8553209305
        0.5257443190
        0.5257443190
        0.5257443190
        1.5772329569
        1.5772329569
        1.5772329569
        0.5257443190
        0.5257443190
        0.7220598459
        0.7220598459
        0.7220598459
        2.1661794186
        2.1661794186
        2.1661794186
        0.7220598459
        0.7220598459
        1.0162608624
        1.0162608624
        1.0162608624
        3.0487825871
        3.0487825871
        3.0487825871
        1.0162608624
        1.0162608624
        1.9973936081
        1.9973936081
        1.9973936081
        5.9921808243
        5.9921808243
        5.9921808243
        1.9973936081
        1.9973936081
        1.5371612310
        1.5371612310
        1.5371612310
        4.6114835739
        4.6114835739
        4.6114835739
        1.5371612310
        1.5371612310
        0.9146709442
        0.9146709442
        0.9146709442
        2.7440128326
        2.7440128326
        2.7440128326
        0.9146709442
        0.9146709442
        1.1746063232
        1.1746063232
        1.1746063232
        3.5238189697
        3.5238189697
        3.5238189697
        1.1746063232
        1.1746063232
        0.8147243261
        0.8147243261
        0.8147243261
        2.4441730976
        2.4441730976
        2.4441730976
        0.8147243261
        0.8147243261
        1.2043458223
        1.2043458223
        1.2043458223
        3.6130373478
        3.6130373478
        3.6130373478
        1.2043458223
        1.2043458223
        0.7152354121
        0.7152354121
        0.7152354121
        2.1457061768
        2.1457061768
        2.1457061768
        0.7152354121
        0.7152354121
        0.9091997743
        0.9091997743
        0.9091997743
        2.7275993824
        2.7275993824
        2.7275993824
        0.9091997743
        0.9091997743
        1.1026902199
        1.1026902199
        1.1026902199
        3.3080704212
        3.3080704212
        3.3080704212
        1.1026902199
        1.1026902199
        1.0365643501
        1.0365643501
        1.0365643501
        3.1096930504
        3.1096930504
        3.1096930504
        1.0365643501
        1.0365643501
        1.6176570654
        1.6176570654
        1.6176570654
        4.8529710770
        4.8529710770
        4.8529710770
        1.6176570654
        1.6176570654
        1.5510524511
        1.5510524511
        1.5510524511
        4.6531577110
        4.6531577110
        4.6531577110
        1.5510524511
        1.5510524511
        0.9036719203
        0.9036719203
        0.9036719203
        2.7110157013
        2.7110157013
        2.7110157013
        0.9036719203
        0.9036719203
        0.7736245990
        0.7736245990
        0.7736245990
        2.3208737373
        2.3208737373
        2.3208737373
        0.7736245990
        0.7736245990
        0.8692565560
        0.8692565560
        0.8692565560
        2.6077697277
        2.6077697277
        2.6077697277
        0.8692565560
        0.8692565560
        1.1254246235
        1.1254246235
        1.1254246235
        3.3762736320
        3.3762736320
        3.3762736320
        1.1254246235
        1.1254246235
        1.9269163609
        1.9269163609
        1.9269163609
        5.7807488441
        5.7807488441
        5.7807488441
        1.9269163609
        1.9269163609
        1.4113237858
        1.4113237858
        1.4113237858
        4.2339711189
        4.2339711189
        4.2339711189
        1.4113237858
        1.4113237858
        1.1532887220
        1.1532887220
        1.1532887220
        3.4598662853
        3.4598662853
        3.4598662853
        1.1532887220
        1.1532887220
        0.9918779135
        0.9918779135
        0.9918779135
        2.9756336212
        2.9756336212
        2.9756336212
        0.9918779135
        0.9918779135
        1.1184713840
        1.1184713840
        1.1184713840
        3.3554141521
        3.3554141521
        3.3554141521
        1.1184713840
        1.1184713840
        1.0851644278
        1.0851644278
        1.0851644278
        3.2554934025
        3.2554934025
        3.2554934025
        1.0851644278
        1.0851644278
        1.5300909281
        1.5300909281
        1.5300909281
        4.5902729034
        4.5902729034
        4.5902729034
        1.5300909281
        1.5300909281
        0.9551163316
        0.9551163316
        0.9551163316
        2.8653490543
        2.8653490543
        2.8653490543
        0.9551163316
        0.9551163316
        0.8267363310
        0.8267363310
        0.8267363310
        2.4802091122
        2.4802091122
        2.4802091122
        0.8267363310
        0.8267363310
        1.3655909300
        1.3655909300
        1.3655909300
        4.0967726707
        4.0967726707
        4.0967726707
        1.3655909300
        1.3655909300
        0.7929585576
        0.7929585576
        0.7929585576
        2.3788757324
        2.3788757324
        2.3788757324
        0.7929585576
        0.7929585576
        0.9503640532
        0.9503640532
        0.9503640532
        2.8510921001
        2.8510921001
        2.8510921001
        0.9503640532
        0.9503640532
        0.9808185101
        0.9808185101
        0.9808185101
        2.9424555302
        2.9424555302
        2.9424555302
        0.9808185101
        0.9808185101
        0.7583968043
        0.7583968043
        0.7583968043
        2.2751903534
        2.2751903534
        2.2751903534
        0.7583968043
        0.7583968043
        0.9152539968
        0.9152539968
        0.9152539968
        2.7457621098
        2.7457621098
        2.7457621098
        0.9152539968
        0.9152539968
        0.9456349611
        0.9456349611
        0.9456349611
        2.8369050026
        2.8369050026
        2.8369050026
        0.9456349611
        0.9456349611
        1.1648309231
        1.1648309231
        3.4944927692
        3.4944927692
        3.4944927692
        3.4944927692
        3.4944927692
        1.1648309231
        1.1319384575
        1.1319384575
        3.3958156109
        3.3958156109
        3.3958156109
        3.3958156109
        3.3958156109
        1.1319384575
        1.4445674419
        1.4445674419
        4.3337020874
        4.3337020874
        4.3337020874
        4.3337020874
        4.3337020874
        1.4445674419
        1.0036679506
        1.0036679506
        3.0110037327
        3.0110037327
        3.0110037327
        3.0110037327
        3.0110037327
        1.0036679506
        0.4698854387
        0.4698854387
        1.4096562862
        1.4096562862
        1.4096562862
        1.4096562862
        1.4096562862
        0.4698854387
        1.1263269186
        1.1263269186
        3.3789806366
        3.3789806366
        3.3789806366
        3.3789806366
        3.3789806366
        1.1263269186
        1.3124212027
        1.3124212027
        3.9372634888
        3.9372634888
        3.9372634888
        3.9372634888
        3.9372634888
        1.3124212027
        0.9362847209
        0.9362847209
        2.8088541031
        2.8088541031
        2.8088541031
        2.8088541031
        2.8088541031
        0.9362847209
        1.1221545935
        1.1221545935
        3.3664638996
        3.3664638996
        3.3664638996
        3.3664638996
        3.3664638996
        1.1221545935
        0.8717113733
        0.8717113733
        2.6151342392
        2.6151342392
        2.6151342392
        2.6151342392
        2.6151342392
        0.8717113733
        0.7773563862
        0.7773563862
        2.3320691586
        2.3320691586
        2.3320691586
        2.3320691586
        2.3320691586
        0.7773563862
        1.0248507261
        1.0248507261
        3.0745522976
        3.0745522976
        3.0745522976
        3.0745522976
        3.0745522976
        1.0248507261
        1.6129381657
        1.6129381657
        4.8388142586
        4.8388142586
        4.8388142586
        4.8388142586
        4.8388142586
        1.6129381657
        0.9603841901
        0.9603841901
        2.8811526299
        2.8811526299
        2.8811526299
        2.8811526299
        2.8811526299
        0.9603841901
        1.1758099794
        1.1758099794
        3.5274300575
        3.5274300575
        3.5274300575
        3.5274300575
        3.5274300575
        1.1758099794
        1.1743804216
        1.1743804216
        3.5231411457
        3.5231411457
        3.5231411457
        3.5231411457
        3.5231411457
        1.1743804216
        1.3272929192
        1.3272929192
        3.9818787575
        3.9818787575
        3.9818787575
        3.9818787575
        3.9818787575
        1.3272929192
        1.0790488720
        1.0790488720
        3.2371463776
        3.2371463776
        3.2371463776
        3.2371463776
        3.2371463776
        1.0790488720
        0.9853702784
        0.9853702784
        2.9561107159
        2.9561107159
        2.9561107159
        2.9561107159
        2.9561107159
        0.9853702784
        1.4762805700
        1.4762805700
        4.4288415909
        4.4288415909
        4.4288415909
        4.4288415909
        4.4288415909
        1.4762805700
        1.2901998758
        1.2901998758
        3.8705997467
        3.8705997467
        3.8705997467
        3.8705997467
        3.8705997467
        1.2901998758
        1.0738849640
        1.0738849640
        3.2216551304
        3.2216551304
        3.2216551304
        3.2216551304
        3.2216551304
        1.0738849640
        1.0419641733
        1.0419641733
        3.1258924007
        3.1258924007
        3.1258924007
        3.1258924007
        3.1258924007
        1.0419641733
        0.7652444243
        0.7652444243
        2.2957332134
        2.2957332134
        2.2957332134
        2.2957332134
        2.2957332134
        0.7652444243
        1.0700813532
        1.0700813532
        3.2102441788
        3.2102441788
        3.2102441788
        3.2102441788
        3.2102441788
        1.0700813532
        1.5268973112
        1.5268973112
        4.5806918144
        4.5806918144
        4.5806918144
        4.5806918144
        4.5806918144
        1.5268973112
        1.2200942039
        1.2200942039
        3.6602826118
        3.6602826118
        3.6602826118
        3.6602826118
        3.6602826118
        1.2200942039
        1.0968116522
        1.0968116522
        3.2904350758
        3.2904350758
        3.2904350758
        3.2904350758
        3.2904350758
        1.0968116522
        1.2781383991
        1.2781383991
        3.8344149590
        3.8344149590
        3.8344149590
        3.8344149590
        3.8344149590
        1.2781383991
        1.2462762594
        1.2462762594
        3.7388288975
        3.7388288975
        3.7388288975
        3.7388288975
        3.7388288975
        1.2462762594
        1.3055810928
        1.3055810928
        3.9167435169
        3.9167435169
        3.9167435169
        3.9167435169
        3.9167435169
        1.3055810928
        0.8795115352
        0.8795115352
        2.6385345459
        2.6385345459
        2.6385345459
        2.6385345459
        2.6385345459
        0.8795115352
        0.9088165760
        0.9088165760
        2.7264497280
        2.7264497280
        2.7264497280
        2.7264497280
        2.7264497280
        0.9088165760
        0.8775418401
        0.8775418401
        2.6326255798
        2.6326255798
        2.6326255798
        2.6326255798
        2.6326255798
        0.8775418401
        1.3601939678
        1.3601939678
        4.0805821419
        4.0805821419
        4.0805821419
        4.0805821419
        4.0805821419
        1.3601939678
        1.0869586468
        1.0869586468
        3.2608761787
        3.2608761787
        3.2608761787
        3.2608761787
        3.2608761787
        1.0869586468
        1.0857733488
        1.0857733488
        3.2573201656
        3.2573201656
        3.2573201656
        3.2573201656
        3.2573201656
        1.0857733488
        1.5063881874
        1.5063881874
        4.5191645622
        4.5191645622
        4.5191645622
        4.5191645622
        4.5191645622
        1.5063881874
        1.5950605869
        1.5950605869
        4.7851819992
        4.7851819992
        4.7851819992
        4.7851819992
        4.7851819992
        1.5950605869
        1.2626686096
        1.2626686096
        3.7880060673
        3.7880060673
        3.7880060673
        3.7880060673
        3.7880060673
        1.2626686096
        1.1412140131
        1.1412140131
        3.4236419201
        3.4236419201
        3.4236419201
        3.4236419201
        3.4236419201
        1.1412140131
        0.9600228071
        0.9600228071
        2.8800683022
        2.8800683022
        2.8800683022
        2.8800683022
        2.8800683022
        0.9600228071
        1.0789145231
        1.0789145231
        3.2367434502
        3.2367434502
        3.2367434502
        3.2367434502
        3.2367434502
        1.0789145231
        1.1376959085
        1.1376959085
        3.4130878448
        3.4130878448
        3.4130878448
        3.4130878448
        3.4130878448
        1.1376959085
        1.1066433191
        1.1066433191
        3.3199298382
        3.3199298382
        3.3199298382
        3.3199298382
        3.3199298382
        1.1066433191
        1.3445817232
        1.3445817232
        4.0337452888
        4.0337452888
        4.0337452888
        4.0337452888
        4.0337452888
        1.3445817232
        1.1343123913
        1.1343123913
        3.4029371738
        3.4029371738
        3.4029371738
        3.4029371738
        3.4029371738
        1.1343123913
        1.0139304399
        1.0139304399
        3.0417914391
        3.0417914391
        3.0417914391
        3.0417914391
        3.0417914391
        1.0139304399
        1.0129648447
        1.0129648447
        3.0388946533
        3.0388946533
        3.0388946533
        3.0388946533
        3.0388946533
        1.0129648447
        1.4882569313
        1.4882569313
        4.4647707939
        4.4647707939
        4.4647707939
        4.4647707939
        4.4647707939
        1.4882569313
        1.2787191868
        1.2787191868
        3.8361575603
        3.8361575603
        3.8361575603
        3.8361575603
        3.8361575603
        1.2787191868
        1.4261112213
        1.4261112213
        4.2783336639
        4.2783336639
        4.2783336639
        4.2783336639
        4.2783336639
        1.4261112213
        1.6326273680
        1.6326273680
        4.8978819847
        4.8978819847
        4.8978819847
        4.8978819847
        4.8978819847
        1.6326273680
        1.0380340815
        1.0380340815
        3.1141023636
        3.1141023636
        3.1141023636
        3.1141023636
        3.1141023636
        1.0380340815
        1.1556721926
        1.1556721926
        3.4670164585
        3.4670164585
        3.4670164585
        3.4670164585
        3.4670164585
        1.1556721926
        1.0954829454
        1.0954829454
        3.2864489555
        3.2864489555
        3.2864489555
        3.2864489555
        3.2864489555
        1.0954829454
        1.1833285093
        1.1833285093
        3.5499856472
        3.5499856472
        3.5499856472
        3.5499856472
        3.5499856472
        1.1833285093
        2.6307806969
        2.6307806969
        7.8923420906
        7.8923420906
        7.8923420906
        7.8923420906
        7.8923420906
        2.6307806969
        1.4177287817
        1.4177287817
        4.2531862259
        4.2531862259
        4.2531862259
        4.2531862259
        4.2531862259
        1.4177287817
        1.5346903801
        1.5346903801
        4.6040711403
        4.6040711403
        4.6040711403
        4.6040711403
        4.6040711403
        1.5346903801
        1.2091363668
        1.2091363668
        3.6274089813
        3.6274089813
        3.6274089813
        3.6274089813
        3.6274089813
        1.2091363668
        1.0019658804
        1.0019658804
        3.0058975220
        3.0058975220
        3.0058975220
        3.0058975220
        3.0058975220
        1.0019658804
        0.9718055725
        0.9718055725
        2.9154167175
        2.9154167175
        2.9154167175
        2.9154167175
        2.9154167175
        0.9718055725
        0.9417072535
        0.9417072535
        2.8251218796
        2.8251218796
        2.8251218796
        2.8251218796
        2.8251218796
        0.9417072535
        1.2351648808
        1.2351648808
        3.7054946423
        3.7054946423
        3.7054946423
        3.7054946423
        3.7054946423
        1.2351648808
        1.1461974382
        1.1461974382
        3.4385921955
        3.4385921955
        3.4385921955
        3.4385921955
        3.4385921955
        1.1461974382
        1.3510810137
        1.3510810137
        4.0532431602
        4.0532431602
        4.0532431602
        4.0532431602
        4.0532431602
        1.3510810137
        0.9393168688
        0.9393168688
        2.8179507256
        2.8179507256
        2.8179507256
        2.8179507256
        2.8179507256
        0.9393168688
        1.1147931814
        1.1147931814
        3.3443796635
        3.3443796635
        3.3443796635
        3.3443796635
        3.3443796635
        1.1147931814
        1.1728148460
        1.1728148460
        3.5184445381
        3.5184445381
        3.5184445381
        3.5184445381
        3.5184445381
        1.1728148460
        1.2601058483
        1.2601058483
        3.7803175449
        3.7803175449
        3.7803175449
        3.7803175449
        3.7803175449
        1.2601058483
        1.6988153458
        1.6988153458
        5.0964460373
        5.0964460373
        5.0964460373
        5.0964460373
        5.0964460373
        1.6988153458
        1.2881344557
        1.2881344557
        3.8644034863
        3.8644034863
        3.8644034863
        3.8644034863
        3.8644034863
        1.2881344557
        1.3753319979
        1.3753319979
        4.1259961128
        4.1259961128
        4.1259961128
        4.1259961128
        4.1259961128
        1.3753319979
        1.4039870501
        1.4039870501
        4.2119612694
        4.2119612694
        4.2119612694
        4.2119612694
        4.2119612694
        1.4039870501
        1.6373186111
        1.6373186111
        4.9119558334
        4.9119558334
        4.9119558334
        4.9119558334
        4.9119558334
        1.6373186111
        1.4613349438
        1.4613349438
        4.3840050697
        4.3840050697
        4.3840050697
        4.3840050697
        4.3840050697
        1.4613349438
        1.6068986654
        1.6068986654
        4.8206958771
        4.8206958771
        4.8206958771
        4.8206958771
        4.8206958771
        1.6068986654
        1.6939920187
        1.6939920187
        5.0819759369
        5.0819759369
        5.0819759369
        5.0819759369
        5.0819759369
        1.6939920187
        1.8978677988
        1.8978677988
        5.6936035156
        5.6936035156
        5.6936035156
        5.6936035156
        5.6936035156
        1.8978677988
        1.6346381903
        1.6346381903
        4.9039144516
        4.9039144516
        4.9039144516
        4.9039144516
        4.9039144516
        1.6346381903
        0.8463003039
        0.8463003039
        2.5389008522
        2.5389008522
        2.5389008522
        2.5389008522
        2.5389008522
        0.8463003039
        1.4879951477
        1.4879951477
        4.4639854431
        4.4639854431
        4.4639854431
        4.4639854431
        4.4639854431
        1.4879951477
        1.5168811083
        1.5168811083
        4.5506434441
        4.5506434441
        4.5506434441
        4.5506434441
        4.5506434441
        1.5168811083
        0.8458146453
        0.8458146453
        2.5374438763
        2.5374438763
        2.5374438763
        2.5374438763
        2.5374438763
        0.8458146453
        1.1664829254
        1.1664829254
        3.4994485378
        3.4994485378
        3.4994485378
        3.4994485378
        3.4994485378
        1.1664829254
        1.3704702854
        1.3704702854
        4.1114110947
        4.1114110947
        4.1114110947
        4.1114110947
        4.1114110947
        1.3704702854
        1.1662654877
        1.1662654877
        3.4987964630
        3.4987964630
        3.4987964630
        3.4987964630
        3.4987964630
        1.1662654877
        1.1662063599
        1.1662063599
        3.4986190796
        3.4986190796
        3.4986190796
        3.4986190796
        3.4986190796
        1.1662063599
        1.5451889038
        1.5451889038
        4.6355667114
        4.6355667114
        4.6355667114
        4.6355667114
        4.6355667114
        1.5451889038
        1.4285795689
        1.4285795689
        4.2857384682
        4.2857384682
        4.2857384682
        4.2857384682
        4.2857384682
        1.4285795689
        1.1953831911
        1.1953831911
        3.5861496925
        3.5861496925
        3.5861496925
        3.5861496925
        3.5861496925
        1.1953831911
        1.1954584122
        1.1954584122
        3.5863752365
        3.5863752365
        3.5863752365
        3.5863752365
        3.5863752365
        1.1954584122
        1.1080869436
        1.1080869436
        3.3242607117
        3.3242607117
        3.3242607117
        3.3242607117
        3.3242607117
        1.1080869436
        1.1373829842
        1.1373829842
        3.4121489525
        3.4121489525
        3.4121489525
        3.4121489525
        3.4121489525
        1.1373829842
        1.3125588894
        1.3125588894
        3.9376764297
        3.9376764297
        3.9376764297
        3.9376764297
        3.9376764297
        1.3125588894
        1.5753474236
        1.5753474236
        4.7260422707
        4.7260422707
        4.7260422707
        4.7260422707
        4.7260422707
        1.5753474236
        1.2838779688
        1.2838779688
        3.8516337872
        3.8516337872
        3.8516337872
        3.8516337872
        3.8516337872
        1.2838779688
        1.2258034945
        1.2258034945
        3.6774103642
        3.6774103642
        3.6774103642
        3.6774103642
        3.6774103642
        1.2258034945
        1.6056348085
        1.6056348085
        4.8169045448
        4.8169045448
        4.8169045448
        4.8169045448
        4.8169045448
        1.6056348085
        1.1388672590
        1.1388672590
        3.4166016579
        3.4166016579
        3.4166016579
        3.4166016579
        3.4166016579
        1.1388672590
